500
4358
18236
16586
4226
31076
20236
5083
20492
10191
14061
21517
13364
26718
7277
25415
10130
2647
9353
23077
2473
13124
21104
5030
23494
26697
15241
8485
13611
16820
15542
14987
17005
31958
5339
32450
21531
24594
2202
6253
16544
9523
29537
6870
7531
24066
27047
11047
4941
1817
20594
18910
21026
15602
3613
20603
26547
18243
14424
30587
32219
28302
25456
30858
17385
20467
30417
8437
1862
9034
10953
26718
16216
10094
5006
24499
4261
10459
23939
3169
2876
22140
7863
964
10321
22718
25006
23266
19239
24297
19813
15962
18739
5808
3728
18071
15742
16903
26150
23625
11083
24372
287
16662
13306
5929
32125
4236
25644
26129
16521
19803
23592
12841
607
20161
22397
17617
12972
8773
22505
23011
6839
13736
30586
14659
24734
23833
9715
3767
20450
2472
21873
29689
2854
17405
23118
24843
2868
16202
582
30411
3905
6270
9944
22471
25202
5564
16111
850
6815
31243
13250
26328
13398
16719
31993
6510
12323
22648
18449
30125
5390
9721
12033
1473
31846
30331
16926
30141
2749
8659
26940
49
31284
31794
24598
2303
6649
26524
20976
23146
26381
6556
22650
14448
8779
26933
25080
15962
1958
14619
17056
14993
2738
21028
30019
31923
15462
16889
20272
18918
15904
4625
11094
27501
26089
27360
20648
2937
30714
30539
6086
21569
6528
7264
5081
1364
24733
22852
17086
29486
9647
25452
2152
9482
31188
21264
31103
1272
26286
29661
14669
22063
23395
3563
28379
26020
27368
15086
5463
10460
16256
7088
11193
16126
26495
447
1959
2092
24404
24930
20373
18195
31942
8146
24624
193
8062
4519
8445
3767
19142
15761
3133
5952
3216
14152
28181
24577
21946
9926
7915
11984
10128
20403
15635
11466
14995
11553
10667
32671
633
30073
19651
3377
13172
6837
25794
7518
11447
6864
25860
19993
27703
13435
10184
3520
28590
21522
30538
4009
9958
19662
12844
28415
23348
12860
3866
29644
12354
26094
17326
11862
8722
11632
4753
23727
9280
25725
1252
20104
18056
8051
21214
15174
647
20997
16310
15960
5830
20016
27843
28103
4852
12144
26594
16142
31091
1587
31000
11821
6679
22414
29560
23289
2602
17711
3399
4278
23987
29075
863
27623
1527
29817
3025
4709
31041
29590
23502
12719
2015
13194
17608
14209
621
13587
11476
30888
5462
12928
26195
14868
32151
4457
10961
20527
31430
7326
15661
18541
8787
6749
30458
20772
30735
4808
17702
21407
28650
23189
22489
29806
15617
13832
2464
28159
4568
10270
16843
31091
13795
16908
22036
14762
5196
1767
12161
23712
10224
14245
13963
26365
26795
6980
19071
24039
7637
5961
18469
17179
14860
11372
25504
5948
9268
11154
22933
22122
4541
14075
15247
8983
22052
25533
23458
4886
19389
3953
6991
21237
14767
15916
8616
5005
23360
5297
15540
30167
27731
17124
29205
26882
24366
29314
744
11970
8065
3600
26349
31210
1700
29713
744
23357
25889
27260
7751
28801
17778
26221
23556
2518
19468
31771
15053
14662
22684
2826
24675
157
19600
31362
13376
4475
6873
6719
3452
21415
1263
31594
30705
9638
10518
21960
21662
2957
17889
19762
22857
