1000
16403
22260
11077
13160
23530
28429
24922
21058
1872
29510
26296
7250
27105
7060
18185
5100
19631
23700
29963
12067
8852
7815
13704
26345
27335
26010
13960
16760
8622
20332
9925
23537
13299
2506
24927
14147
10202
9917
465
19535
28882
29126
29732
11082
8522
10856
21859
10850
28357
18407
14414
26532
15409
10832
8786
8733
7796
23737
21689
11839
3913
19658
13855
2439
16970
7036
28709
20829
20557
27425
5481
8508
11508
20133
25525
7186
6784
15891
30326
9450
4070
13402
32112
2760
17701
23122
19377
11220
22998
25338
21187
21435
18949
32004
24102
22867
9535
32147
8957
16254
15340
10307
30728
23888
14048
14442
18898
20852
19756
3997
7980
17611
3130
11638
16857
16471
26137
21653
24459
6744
31253
229
14095
16052
19339
4896
9668
22172
23291
21910
10577
4973
21855
15914
10647
8404
19899
4509
7909
566
13558
19471
26731
24399
1000
29378
26354
1049
19380
13090
12234
6127
8280
29442
27651
20466
4482
13865
14304
8364
9638
32013
5768
13043
2893
222
19967
8208
29872
28870
16213
14625
20869
5232
3869
23996
23321
30663
12833
9685
9887
1024
12884
25314
12743
10714
16392
15420
7571
292
25441
27337
2919
384
25098
22488
20575
14440
11558
9036
29412
8302
27530
21757
9858
32200
29737
15707
14836
25611
19663
18773
11137
18743
275
19833
22412
18932
25991
3164
30054
795
6961
31804
22118
9336
26431
4068
6972
8399
13046
1744
21378
7964
18412
2194
15252
4383
7287
3956
3234
4888
17509
26207
4867
30928
23021
15867
32460
11224
29414
7448
8866
16149
30263
12365
5324
23421
25999
15582
26252
27163
28502
15075
26032
8025
23779
23207
7268
19326
12527
31055
842
5238
2633
18620
6605
31954
7884
11954
22706
23567
25231
7993
13039
11291
12123
30275
6337
20501
98
5264
12537
14420
5677
17359
15510
1964
5847
9734
22681
7660
32377
13363
4629
11179
29669
4148
134
13125
21911
11748
23139
6944
4840
6023
14327
13620
9605
20840
30828
24522
16160
8384
32041
9091
32613
14810
12126
29341
17968
6517
988
28018
30205
3434
28971
20545
15008
12430
3030
28209
10294
24026
15626
23955
18011
24265
18271
14696
23453
22786
3574
7203
3377
16183
20932
14256
9957
18765
22829
11956
8022
14269
13781
4887
11363
26170
7347
11712
31713
29076
1127
29599
25744
29916
32205
19441
9038
8649
31442
3007
30859
14426
30598
19112
14845
8637
14707
29921
11413
12912
6446
15994
15025
22438
2603
23523
23187
13292
21717
9134
14610
28428
14046
32150
31887
15665
24020
17089
13355
24909
28662
29506
18231
11960
5957
25826
30957
19994
17118
20256
21597
18826
4742
22646
5289
9207
8327
2270
23925
32711
7611
17813
22426
6335
29670
14879
1562
5411
25160
21131
26457
29214
18547
11000
13962
3939
4955
6232
24935
7701
172
11892
1573
30437
11360
26417
3495
7034
7312
20241
13810
26389
16266
23292
8417
12917
4133
19265
15129
28408
21585
16344
3904
32004
10738
25066
22890
16805
21999
18066
28372
16247
2437
28390
19925
14023
4578
2353
27153
4341
9711
22403
2288
6940
18029
24428
16975
21493
25667
18180
31093
20729
16662
814
25160
32454
15899
15134
26304
16580
3369
1305
157
13320
30739
24700
23381
6521
12852
4352
21073
11057
26699
16188
8024
24870
650
620
19788
26889
19689
14192
17172
21870
31168
18712
31449
18478
12949
19870
14709
7177
11058
7540
23080
20880
27387
18240
653
17219
16511
1318
21197
25846
4941
5957
26131
4729
2057
10116
14144
12663
10943
6798
15839
10911
4982
29211
22363
32258
14601
9330
20591
30396
26162
3371
8927
16855
1256
23354
15206
27756
13291
8233
23535
3339
23197
25765
28168
7261
12051
26172
22931
16648
25196
25189
13246
4819
26465
4801
23094
6411
1822
16032
20120
2085
14416
1479
26153
676
27776
18545
8646
24894
18335
20627
16926
17978
30178
8292
27678
28
5072
2589
29101
32644
23705
29949
4762
25684
4777
29585
18898
26129
22141
3890
31447
7052
24501
27855
4973
26049
19563
12013
30103
511
31428
14571
15809
1865
8388
14219
14655
21245
5735
4782
8438
10419
1517
11359
27737
2408
30325
4371
20632
1500
25805
32047
16403
4152
24201
23499
32277
4340
21330
8886
6847
17144
4225
12218
27458
6913
6893
2849
21074
15943
23296
13175
27863
19549
20241
22162
30437
88
14317
7120
31982
27955
29623
25504
11574
22898
31475
8260
23944
32262
13277
11221
6440
11377
4095
16263
19208
8234
10242
28718
22590
32579
18885
21505
16054
20041
11436
13726
3108
23404
16443
30799
16701
25823
18659
4492
29991
32386
16155
15297
19758
31423
9395
18001
7352
23217
17509
9946
16763
2444
4014
12219
4077
26425
3804
4051
25596
26176
5991
32652
10752
16619
15492
16152
29678
2473
11768
18939
28366
6832
31018
25546
19567
10470
24701
25138
30041
32258
15580
22587
5891
7662
7575
1742
25158
23408
6765
13942
3602
8202
3050
24163
29280
27423
7667
15540
20327
19542
28831
17398
5395
23876
15176
487
16051
32325
9698
25472
5874
23210
19596
31283
30728
30746
8549
9842
23601
21810
8353
19312
21086
23407
2780
28715
11051
10318
6573
29098
29202
29105
25215
10883
1758
2437
23452
13217
27490
17570
14219
8772
6506
18674
2716
26441
29938
1750
28353
13228
11926
25029
6559
1611
10826
19511
6373
18157
15947
23233
10461
4738
24150
4737
22849
7341
1815
30396
29775
19071
32228
6598
23583
27270
14507
13602
21045
11782
553
3307
23891
18310
11869
8818
16784
21134
29501
31273
16046
26800
14759
30912
2217
1989
31386
7053
11916
11641
31910
4145
25480
19466
1441
28537
24135
31820
21660
8066
17022
4337
30741
8481
18626
28423
21615
19585
6300
20418
28319
16654
2271
20348
20263
3218
14905
28154
4424
19870
16393
25585
29299
21804
19312
29128
30210
2946
3243
2976
28965
7258
16032
1682
4895
11839
4278
11063
15794
10554
25322
20846
16855
20654
2080
26969
21683
13441
694
5545
20679
15740
28511
15132
5991
22773
4655
10563
9837
1963
14834
16521
13870
21489
28098
14705
29613
29455
6361
28959
11023
5605
10403
24346
30287
11473
20759
6224
17459
8915
27464
859
19327
21487
8759
8706
15976
17107
25068
5123
21067
20922
15557
14096
28575
656
