5000
15117
2071
7721
599
18640
10694
366
969
13806
13391
31086
11583
31855
12904
15247
7633
16662
28566
30680
19903
16953
31660
24159
19984
10448
1934
6405
11128
28619
32571
3424
30847
21929
1291
31481
17120
3142
12853
18872
30767
6900
16531
7324
32191
9934
426
31919
32707
5449
18149
12346
15283
15628
7969
4661
18930
6402
3438
32257
10925
12717
7444
9050
6662
12477
30421
22151
28530
21217
23410
12499
3167
11229
10097
5441
7707
28893
17436
28028
14065
15624
10701
13069
661
1113
22377
6352
6594
10410
25387
26793
14625
25874
2211
26995
24429
881
22526
24889
5845
4169
27271
1961
28065
208
16494
31941
25113
32579
11208
6108
17826
20860
27864
8889
23339
3527
25485
21786
13511
4594
31307
9316
5275
28835
11759
15252
21755
18670
22285
12153
7120
15399
6267
17185
23869
30197
5908
20625
29058
31400
24246
10680
16928
12237
6285
1446
21054
21247
30356
19962
9803
21248
30808
24729
20197
16136
27904
6566
6905
16476
22154
14766
13612
21027
4695
31778
12410
11125
27370
29195
18461
4022
30445
29945
22193
31010
26996
17980
18581
20904
14214
11863
3476
11772
14042
12466
19909
16104
6622
10127
26031
27875
27901
23615
28081
20964
31010
28566
20642
1400
12152
9884
13748
28435
629
28549
16798
4771
20502
13028
29434
2923
16748
17691
7659
10511
17239
3094
19204
25323
31890
11577
32101
5545
25839
22422
9255
16147
25060
32356
15099
11301
3143
6060
24077
19815
854
13126
21807
9594
28922
32260
23091
1520
9037
1325
7832
3681
24409
20013
21610
8634
20771
5770
15971
17881
15592
20506
2902
8535
21926
11636
206
2981
23774
21156
14578
25435
28568
32291
30635
7884
9385
15878
23305
19166
24625
1397
27363
27673
103
13919
19390
30205
18329
29548
6384
19609
10094
20019
10758
1113
20847
9646
18274
21536
12485
18666
4649
28054
12612
12803
9052
12228
30633
27984
9796
26590
28448
219
29204
5215
20490
26644
26314
24155
1020
30662
4438
15633
2827
15945
23294
30657
17991
13306
18433
31165
19333
20456
2426
11457
9826
21712
26248
19847
10884
27212
16556
28311
15139
22087
14194
7517
11208
27316
12116
23933
7765
31615
16347
28267
582
28868
19719
3894
6454
18752
20465
13476
9381
8453
4783
25988
8440
4209
25464
12608
12737
30560
776
29874
9025
2209
21062
24888
9516
10663
805
31243
8875
31361
20680
31692
23463
6669
745
25184
9029
31336
16507
254
26541
22952
30094
24710
26384
13006
20596
22549
13801
15094
6690
5078
31363
16081
28120
32283
443
29781
5125
16044
4359
5299
1125
17502
6583
21130
21356
3304
12667
90
3815
7923
29734
31547
19937
27248
12977
11727
30659
814
4995
16245
1728
27052
2031
17343
18800
22060
15103
32295
26555
14856
23920
3581
12025
27465
29437
5796
26967
11894
1249
14334
17533
4778
23959
27429
2926
21481
12772
5980
14255
14260
23319
29509
7595
6107
1680
1620
14422
3987
32383
24195
22545
32456
28654
20039
14542
22453
20994
18115
17268
27313
21117
8764
32389
9292
27528
29390
29182
29082
1712
10589
638
16079
20782
10446
1963
17420
9579
6518
8657
5241
11715
4306
4813
9108
9353
24953
7722
13513
21836
10064
13449
26946
17241
25597
28230
24576
6529
16286
6488
7211
18205
16826
24185
9638
28239
5751
16776
6119
1930
13326
299
4870
24148
29821
6584
17171
19274
30588
28502
29101
20325
24753
25439
21968
29821
17959
22793
5615
5899
25341
27974
12355
32051
25179
26088
15714
24322
22186
7177
16659
17396
12549
26026
32097
22969
19690
17050
31726
10296
25654
20634
16778
18133
32592
19134
24580
30447
13732
6166
23104
18349
21075
11662
3722
9979
12584
18195
6954
975
26575
15351
28985
26033
3905
29335
2483
7546
16771
14139
28877
29532
8080
31293
7048
30242
29588
14702
15238
20409
17242
6325
1308
17136
26376
28153
7082
13948
30730
17473
6183
28991
11340
6682
24064
27594
29100
24378
12835
23328
23983
30050
18518
22716
17778
14473
15054
19414
4580
21046
8189
30691
9267
23598
12971
21595
24196
5711
16456
4542
9447
13244
20865
28633
27274
826
16657
18758
7981
30426
13530
30770
4309
20185
11572
30818
5573
27588
7813
27256
4778
3039
18706
23667
12566
30664
17172
31606
23087
25176
26895
4810
18857
32714
10335
31781
19697
6175
22547
25901
683
6336
5119
3640
11871
26982
19981
26198
29807
2103
2516
10385
4685
12594
30316
24179
26346
5324
23168
27593
24434
25051
1700
1959
7222
9908
16873
18092
25066
19856
25775
6791
11024
14389
5563
27322
28084
16082
23946
10910
26970
5674
996
4264
4405
24820
27572
21226
26265
28802
24854
3293
22451
30882
3506
12893
30328
15042
1865
13301
7131
27735
11405
14429
19267
23679
17462
3905
27196
7396
4690
16708
8300
12772
22492
24901
29642
3568
28817
737
29962
23602
767
31289
4187
24179
30431
18677
22101
25147
9636
23689
20781
4410
31060
438
14892
8422
28055
12628
9055
9574
9998
6736
27023
2991
5349
3313
627
32493
20652
11103
31525
15652
12386
869
15059
7959
16083
30070
23991
22377
3621
3310
15433
11522
6317
11675
29363
13492
9223
14972
31877
19998
23141
6600
14506
26577
3623
14898
27035
20146
23468
32108
1490
3232
7528
11242
27778
6742
26167
21992
21125
26770
30193
17838
31637
1143
23615
26387
5056
23343
15789
18496
15638
24790
28416
6070
9637
7827
23241
17299
14759
27656
25914
7696
17913
22509
16953
11087
7887
1015
29107
31828
7847
30719
22067
15185
4475
12384
6579
19750
24635
27553
21682
11304
4218
31572
11142
24609
27752
7229
22004
14233
26368
6583
17662
9812
4226
16468
23292
27932
12068
25540
27118
28353
20484
31736
27665
22109
25698
7558
10928
29404
16140
20816
18237
27580
1561
3937
23200
13074
27866
24855
7887
22734
18958
28295
22175
9023
24149
31517
26586
4314
24296
5507
23441
10039
6278
32452
14515
13148
16050
3250
27871
24382
15131
2949
14199
16517
4444
25284
19190
17552
10981
361
6275
7609
7993
21824
31174
5594
19547
20880
11514
27152
21378
18685
22339
5054
19988
7853
322
8917
20178
4778
16871
3411
848
11655
2951
6154
2473
3911
20271
15523
20080
9594
27191
12514
1770
3241
4634
29484
7034
8436
12933
70
5724
506
29101
5727
27286
3577
20198
10577
10028
6198
3954
27684
27284
24224
28054
5075
10857
688
15859
14163
9060
2451
32532
28882
1415
10123
1860
9277
12443
23187
17570
3844
5341
6210
17271
1313
3061
4849
28358
32599
15911
23072
16165
24247
26573
23062
19404
2409
4869
32456
29164
17577
6567
32252
1602
28688
890
3246
17643
1557
5287
947
29562
1491
8301
14236
26952
10765
29719
2013
29195
4463
28203
26927
16042
15382
5605
28466
22608
595
18147
6487
18880
26796
17698
26365
29416
29988
19753
30426
15032
27069
29828
13725
4916
2106
28276
24529
968
17193
2277
23301
11740
33
30112
10794
32681
20297
13250
316
2379
15385
11629
15397
10263
7013
23997
15582
31790
31383
4862
29911
23634
5180
8476
7577
15353
28098
6234
25770
14240
639
21575
3760
15202
8182
30447
21978
30665
22358
9294
1916
6372
10308
4618
9465
29594
18650
16225
3046
7485
12016
26975
26988
8547
16026
3925
31982
18929
16881
7048
28140
11640
3607
1062
14632
30661
31093
30846
30983
8371
1863
28271
3385
1348
27739
9249
26012
5872
20757
27124
29790
5437
29879
18614
2915
1424
5599
22553
10470
23875
17490
22884
30562
4599
32759
27240
1203
1068
18727
25782
29816
30735
1572
15631
12733
4242
25062
30492
25559
194
2078
351
10894
26454
25205
3434
25986
2179
15124
14415
2759
23064
26730
5975
20691
5574
26153
31991
12186
17855
32658
2559
31991
32644
28403
24341
10318
16631
5742
610
22896
9144
13819
19851
30398
23214
17072
30691
22162
11748
17217
4319
8154
26775
21955
32458
7686
28045
17077
21945
3109
26024
16704
6850
6986
15546
20670
18281
14389
24731
19322
8539
21551
30329
5814
14943
13622
31344
5107
11401
4442
32090
14188
26288
31079
29929
26596
7459
22212
20979
2977
12952
155
20748
26297
11621
11322
14682
11916
3315
15546
32165
30354
4975
13790
29614
23127
22466
22077
5570
2243
13252
7332
654
5279
25260
15542
12085
11861
25548
18133
32672
10999
30075
1862
14614
31875
15442
24719
780
32614
27291
9508
27198
16702
31750
13379
6654
9444
22942
24093
16332
1962
31228
21302
19752
19425
20922
8974
2980
27807
10283
3585
14141
32447
9289
11884
4843
17192
9711
15633
11127
11859
16201
29885
15501
2311
25224
22824
27666
3687
6106
25884
20407
11055
20377
25561
28879
16955
9410
31161
16990
6729
9130
8208
15730
22783
26860
6230
6070
12080
11430
6792
18500
6747
3557
17099
20155
24436
12893
595
28817
8935
3678
6019
24747
16859
26883
20821
1323
20659
28845
8701
20362
25307
29615
17609
23270
32705
4427
31564
17565
26913
30430
9659
29466
5766
32087
14999
16111
2574
15085
24972
12836
25197
23826
13722
20943
20020
24226
29298
9701
17492
28257
4387
29520
9693
6564
6133
23618
11532
3918
8597
23240
19845
3838
24435
18850
27101
22663
7017
28498
603
12193
31901
16243
16640
18398
5032
17996
1732
11487
29176
29349
24099
31431
20594
12761
30424
31472
2396
4653
3817
30941
27003
24416
27875
25456
7288
28036
20327
3677
14473
1548
30181
10207
11597
11045
9896
13994
6647
9546
22035
13344
20142
3858
21290
5831
32052
21325
7508
24827
23750
20816
18270
2016
17732
7053
3012
18075
1426
1127
30252
12738
31038
27972
17972
7952
8547
3043
28525
13662
17613
6640
23207
14542
23389
8917
19568
26442
18607
25556
5335
31021
10747
29266
27766
6719
15161
7286
8879
28391
6025
14323
309
31132
22737
21282
2254
29853
23208
31828
27480
29666
9331
4966
26378
25426
16077
22934
26365
13622
30765
13204
3307
21742
23746
20957
2102
12770
26018
13124
24108
30396
8996
13777
1929
16597
26250
10703
1853
27628
12004
6945
24176
17950
23857
17621
452
16402
29638
25340
13274
28021
25844
22200
26903
27046
13541
20630
6312
29874
29383
29982
7875
23682
19756
12201
5168
1619
17841
10099
16137
11367
18398
2801
190
9210
10062
9573
25947
16248
18704
29359
14350
8429
31820
9574
16612
4285
17962
21287
4051
11413
9455
15149
30973
673
3690
23330
9779
27904
11662
17973
25016
16757
9056
29293
32328
10591
20244
28733
89
13803
24946
16472
27809
1160
16255
15302
24536
1947
30810
16952
21439
18292
21092
8857
13665
12161
13219
29157
12441
15298
26985
17470
21716
6781
4912
31805
30488
5683
13513
9350
30022
23506
13238
1951
16028
28972
17364
31234
17789
28584
1853
2672
15989
22328
25964
3209
20600
3467
23970
12698
6762
23939
22665
9142
12773
2793
15639
22280
32566
20064
19638
1383
6824
19863
2722
2091
3846
25539
12946
1087
9563
20045
666
7288
7676
4551
23632
7717
31432
11045
302
23528
16047
24874
28215
10948
18033
18976
6877
13686
7848
22988
7971
6665
31497
2977
1279
1445
13031
32052
18690
17064
26360
3312
20026
27895
13404
20747
18776
16535
6363
31416
26382
13943
27759
31135
12731
25488
5122
29578
31306
20016
20856
25697
18519
11667
21744
31320
5524
18356
29511
615
22636
24930
9694
30971
8678
29846
14238
4843
21195
8452
17209
21165
11275
2800
26290
32202
15965
7235
20511
1679
32038
23518
1966
15877
30876
20270
6886
25124
811
6657
3375
23620
17944
20632
12693
17364
2404
12285
20937
31054
13043
12439
18024
28010
16621
9979
25728
26771
17253
26373
25681
26263
6456
7464
9552
23202
29752
20994
29554
28525
26762
19507
12710
6067
2893
17520
3491
741
25724
8147
8421
18974
14358
9333
8946
26969
27260
23615
4322
22754
1050
6653
28190
23306
6217
21684
616
21023
4980
19766
14620
12955
13434
12787
1461
26012
13652
13586
29074
12180
26360
18625
14075
28482
17533
30153
3423
18657
16767
101
2783
4511
22469
20308
16145
3920
6177
18733
27389
24676
17048
7155
31340
8214
10691
8937
8803
6887
25973
24231
18666
10059
6303
13166
6673
30370
20080
25017
28213
29289
12992
27924
25984
31154
10670
25905
23727
4817
2696
17721
7960
25945
492
23904
31211
4167
24365
31420
5304
12412
20728
16727
13105
11121
21816
27779
17458
4646
24630
26989
25086
12379
32517
32757
10188
7171
31005
32189
130
22774
13638
6016
21184
25830
26040
29862
11808
16276
16256
6421
23996
17219
16677
8521
1009
24941
19596
1191
9059
6070
6169
21006
14657
12574
15127
6832
19659
10106
22874
32544
6161
14629
12834
4779
11773
1779
5699
2284
16787
20070
2435
24987
29304
5157
4932
1702
17073
21161
611
4227
6574
314
10335
9412
30855
1818
20414
8940
17285
28416
29100
4993
17636
28359
28390
3426
19671
5992
20438
1371
4813
16678
20479
15351
15347
2056
14492
15765
11002
27788
20100
10430
32026
27802
22353
11958
22615
10423
31169
593
28419
27003
32093
10504
23684
6469
11608
25164
16215
1581
25273
6427
13397
58
31165
5072
5941
10198
13942
22079
11347
126
23737
27137
6063
7102
32567
269
17721
28765
18922
9864
9804
12757
19379
29151
26744
15365
833
28690
2436
26410
13108
14163
27827
22540
16770
22735
21831
8309
9754
9420
27204
17383
11464
29940
10102
29838
3673
28912
24501
7284
9471
313
13416
1780
16375
25643
9800
15985
23144
6492
9063
29256
14735
5931
13936
30978
13849
32412
15152
17103
13520
16739
15445
20528
4730
28222
24182
243
1790
6024
31828
20324
17353
2060
22624
19394
20848
14871
1917
27632
28823
17617
30982
877
529
13260
16403
30598
14921
31966
504
970
9184
2092
11791
8895
13719
32392
25272
28371
32624
20989
9117
3989
13072
13479
17723
1829
2920
29128
12702
29673
22420
23833
27243
6786
11523
19550
27684
19455
1241
20285
22184
31824
18577
6480
32505
7421
4583
21113
20034
4120
8693
16758
4633
18288
21404
1205
8705
25607
3365
19817
32307
27078
29992
20701
19358
23408
28333
25608
20780
21205
8338
30051
23111
26952
3117
22775
8860
1106
30513
6842
12062
23208
11478
19227
14414
17755
23092
31196
2490
12623
2544
21280
31428
17646
795
4805
25765
3613
3927
16883
14770
19567
27708
29429
8669
11161
27642
28488
16510
551
2367
3058
1876
26733
29275
6165
15046
15295
20386
6596
2927
25061
18705
19733
26842
24777
3893
6520
29066
7795
27465
28999
9278
23863
6815
20382
13939
18477
31041
18540
13353
9186
16343
24266
19690
30541
22731
5516
29193
16645
4268
28182
10792
3249
9680
18802
15868
31935
31550
24479
8789
7257
29386
16683
17240
3476
12930
5892
5391
26603
22857
5259
3365
23277
26306
20458
27114
26930
23152
29863
27293
20371
19995
1146
23787
27802
3957
6748
9139
15416
31997
25569
6924
15286
10788
17607
32137
18926
3758
22735
11964
22459
17756
18379
3832
31918
7624
8185
15451
17411
1424
10895
25868
17875
3254
28311
3778
24715
2375
22013
30598
9884
7739
10471
29625
21620
10653
21316
27992
25262
24044
10408
26751
2181
2752
6743
12588
17039
22704
5024
5702
12712
31860
28780
21982
26155
9543
16918
7860
27497
10895
22141
19197
10067
15552
13656
14435
25210
7550
1994
24910
3130
8962
7735
7010
3889
2750
2133
8009
18934
24388
29574
15794
8
30052
17253
26009
22277
17556
6302
24521
13341
7830
14852
25504
3525
2644
5085
26899
1456
17935
16768
23537
24315
13496
21795
5228
9384
15006
20974
14549
5197
19786
3156
27815
8461
15015
25762
28871
8904
27495
4056
6410
1423
9377
25273
15096
3419
3263
21278
31184
510
30615
9103
5068
22361
15832
27924
5285
9680
9128
31561
4442
1787
4747
11953
20782
10910
10887
22860
2031
14300
28294
18796
1406
20135
4091
30404
32396
15739
7624
1474
21154
16204
6752
5407
29540
21949
15656
2484
20758
5010
25380
19599
28767
27496
29391
12102
3405
22179
14154
27275
28570
26793
30393
27393
21550
8782
18411
24654
4068
6542
27449
17010
20369
18818
10928
16727
6467
7821
1394
21160
29382
4823
10841
20967
20845
28412
1502
26298
14094
773
26425
9606
8271
27543
202
7743
10272
14186
18360
19839
1161
253
30424
9173
16550
20616
14544
5983
22512
23091
15740
29595
5821
27781
16016
23418
25611
8991
14207
12726
22649
12714
21660
23398
18070
23310
23935
4304
6238
26852
7851
12414
9730
14127
5742
18580
27112
10310
26888
19040
13811
5397
24591
7219
19972
3461
30993
32111
3009
32057
18300
28898
28565
2171
11707
8530
17143
13686
12706
29785
12272
13733
28684
16244
29143
25483
29634
21334
864
18597
29599
20866
28117
16285
15346
24
7586
1728
18212
4079
24599
22194
18843
2277
28266
20832
13533
20595
10747
23863
30201
32389
28124
16532
29475
29832
6545
4475
3230
27332
14612
19851
9439
26604
28189
11825
29679
22259
32415
3357
10769
12066
11414
27890
9637
25192
15104
31298
16460
1521
17449
6329
30541
26873
17708
20632
29495
3555
695
12389
13000
14725
11022
30433
23822
3271
22867
6459
32460
23660
24068
31107
14111
15151
28869
24929
5985
27154
12128
5383
14926
8947
3594
4708
22117
29024
7400
20635
20369
3500
18129
5043
3081
28226
27990
10384
4213
826
1535
7458
10066
20522
7384
18652
6039
22591
24620
14696
11929
4236
6545
22425
8492
19617
14372
22689
2059
22880
20502
20356
31610
14860
13160
29388
4649
15267
2034
27263
18268
21102
32426
14926
3145
30166
4131
7183
2241
28281
25172
24173
20243
19069
15259
7134
1838
27684
9986
24022
21765
26273
11712
59
32312
7467
18947
26904
4848
22607
30444
26773
7690
17802
475
21799
8313
5399
238
14340
23525
10758
4804
7642
12440
4238
19335
24512
4763
11940
29481
30829
23068
25292
30957
14759
29459
1328
16426
30207
12326
32495
10828
29372
17609
27575
539
13845
10921
31126
11328
1443
30283
31501
16644
10517
24304
24423
29532
17702
32189
1352
26915
25292
2072
7049
26790
30386
2389
1091
32613
31977
24466
28202
1560
31963
32735
6173
9713
2432
17827
29435
17185
4564
20795
5559
28829
5512
14819
14255
20770
4599
5850
9529
2422
15197
9153
25215
10226
22083
1092
28814
9533
17726
27389
26793
25178
7897
10133
25059
18405
24528
24621
21741
27289
3455
31228
29228
22806
23705
30009
7694
30433
12317
16443
1951
2221
1158
17887
3415
21977
6979
15146
25654
825
31334
28719
13588
2841
5280
10291
9266
30335
11629
15632
30484
15281
19852
4567
19603
26103
23474
6329
6958
27298
11647
28712
27041
20301
9393
23353
30137
1379
11416
6477
15718
7906
11210
24816
7698
16478
15895
513
32305
29768
19135
29460
13593
17264
19171
19988
9492
14025
21562
45
15284
9836
15365
12520
19559
31200
26181
9368
31051
15769
5419
7670
7748
12734
19664
776
29259
13872
7974
18759
21257
14279
29743
27904
28324
735
8812
30715
16345
7955
27545
23387
4171
6216
12695
8389
29978
22766
30634
14020
31160
31106
996
23660
27896
10583
13537
28734
1128
5271
24501
9804
18913
27524
18979
27038
1884
28420
5392
27859
9479
9821
11062
11787
11673
8765
2077
29189
27874
28925
27463
31365
23718
10278
19371
31737
21419
10037
8038
5723
11025
30619
19372
21849
19938
28168
20740
31668
26346
28905
1973
7654
8393
2096
123
20487
11334
6739
23935
27377
230
31383
14214
11427
3006
11406
25449
14307
16517
222
11205
14120
16621
28485
21235
9910
3635
20954
28987
2571
30965
26006
836
4218
17221
13330
15567
27926
10491
19090
29605
26065
16975
25155
14030
24037
29863
24001
26116
24435
26029
16348
23912
26730
9381
32668
2419
32427
32254
23939
30510
20331
11558
7697
13478
24024
24739
19854
5530
1279
17504
28931
12408
20717
1604
18570
10120
29460
2313
1735
4710
22001
14668
8631
7093
5100
14560
8360
10002
21888
21608
2953
4935
23195
30501
24420
27841
13128
4364
11305
9285
27531
8988
16301
7646
11916
26094
498
11290
9464
16014
26281
19317
4773
30089
6133
12822
30581
25671
15986
1977
14204
3227
2678
23021
3685
20121
25239
8319
21009
12456
23405
26166
18562
28120
23705
27072
5368
15989
5893
19181
89
3804
12398
6171
8406
6285
18464
20466
9420
4482
14593
11089
17640
26047
15569
17287
8591
12075
21680
26823
3965
24478
6881
15574
6060
20795
25037
26119
11895
12544
17483
28265
26111
30619
2846
9023
8142
25727
3007
2224
442
12088
25694
13760
12812
25339
14627
11391
7906
6274
22201
640
21714
535
24077
28045
10448
32238
23891
2201
14674
8887
31307
25846
2738
31348
4546
15305
17107
24456
28763
21434
18439
12305
2191
28400
18224
19320
18931
21820
25894
3655
32185
20116
8025
16442
19578
8644
8120
10392
20787
27488
2001
15555
23949
24829
30521
7438
21345
21664
20782
21456
14203
3191
1403
2743
24990
17095
24732
10846
28105
25126
10019
6177
21177
20970
90
1584
16815
26337
29738
2530
13171
19523
59
27724
18073
30948
2141
26899
21251
1198
9767
20350
22183
29263
7133
14799
8082
16687
28311
20180
22317
23461
27552
16825
21184
13674
7453
1056
19764
11854
29167
24179
28189
3369
7386
25209
16888
10005
28390
27688
1968
1754
12549
9403
30568
10410
16631
15364
26228
7695
30059
19458
27816
11809
3431
6838
28374
17916
12009
11827
12946
19825
14543
26357
24376
13308
27636
5235
4145
18934
12188
14327
23665
14860
29970
27054
30532
14064
32399
5115
20043
12622
3422
30993
18625
10754
15166
14017
3075
29832
776
15504
26960
32180
15505
26637
22733
27299
4050
15202
9676
9201
9030
25128
12365
8492
2452
30848
26565
2185
12910
18527
25375
30422
25273
28969
14849
944
30702
11650
848
22006
31424
11105
7414
23678
17663
10853
8419
32518
16060
21613
11089
23405
30382
1123
22093
25379
6612
28504
3699
27870
3676
25558
9465
3726
13764
4977
17135
21396
6719
6816
8644
9006
2906
15051
11533
27446
28127
31397
29058
25357
17145
8380
32073
31442
10906
15439
5496
19159
25882
12383
25813
5973
6177
29960
2016
15454
23238
786
6675
5652
19704
7620
10344
14617
15901
28408
11548
3910
9978
10613
30898
11424
31443
9592
11324
28807
5075
11156
10454
18225
16046
25020
6259
8023
10628
3743
29660
26670
14857
10036
10741
11161
3811
23189
19522
6301
12371
4112
25771
4629
13336
2939
22652
5543
22672
11209
31920
3830
23329
30683
16239
27417
3543
28056
2773
77
28750
18240
17653
7654
20435
11005
4382
22668
12998
30908
13917
26275
4930
10810
20290
8459
11521
31074
9959
31754
25209
16598
26415
3206
32075
19148
31820
28024
19934
539
20868
6557
28231
14741
19252
3439
11373
32152
8725
17747
24426
9184
958
27668
11316
3487
7274
19856
32124
20432
28156
25009
13014
13768
6208
927
19227
21006
30324
10548
3595
4460
13831
11953
31031
1094
19104
2735
29727
21035
25442
32344
3991
2986
17775
5590
21615
20071
12202
3340
25938
28526
11202
27780
30703
8134
28780
29353
26967
16202
14575
7479
29094
20916
13798
26351
15078
18939
31553
3471
24368
8159
3982
29697
4628
25537
119
29907
31036
17593
8331
14567
30795
15587
21057
26220
29707
22521
1081
15372
20680
18471
17094
27751
12279
15642
682
19905
12572
12635
2336
12791
14826
8667
5408
31416
2475
25551
11742
15857
7138
3261
14996
3721
7727
8407
18305
15695
32116
31625
7217
9777
20022
9806
1792
23982
5190
4551
474
21134
11680
25870
5188
14288
25747
22344
5792
19172
27938
18297
15020
18970
20907
1693
32077
12123
4806
2036
25995
791
32368
27549
13532
23422
617
5990
27813
23539
32218
20963
19710
18621
22075
5053
12470
768
21364
845
27286
236
1858
20073
2026
5685
17373
22142
7230
8387
26072
25311
31334
28074
30024
19805
32449
27228
25128
23832
20158
30238
24572
17301
12702
26552
9397
28688
26236
7025
3797
11539
7051
7482
30419
15431
27296
17194
12225
25739
32496
19498
31532
9795
18458
22258
29764
2546
24168
17716
13884
15628
31825
24342
16884
28933
12611
19174
26326
12462
12704
11529
13054
8129
26631
1077
11933
22714
11220
5601
26271
23785
16618
32505
2699
19142
1200
15573
8619
20100
27737
17004
7022
233
14441
28101
16138
10332
372
29103
15973
4160
553
1970
28726
27264
17040
32325
30055
28523
2192
30529
19903
12227
12724
27286
8125
19728
23087
16701
14279
3130
29981
7278
644
30295
14859
7442
1670
31682
3002
16251
8492
19821
15392
8019
2758
24696
20912
14290
26107
20482
12763
29748
24168
4415
21719
9323
6794
11722
26271
10769
1246
30781
31035
29088
12358
28416
11329
3045
23471
16734
28060
31666
22769
10974
14220
3028
23286
6352
28654
16708
28447
20006
19646
15778
9699
31109
25050
9694
11962
29084
15368
24889
27449
2997
11579
17516
15742
16521
11794
32038
5582
4953
30882
20924
893
28474
16501
2332
19726
28337
11218
3844
21404
16767
29247
10353
17785
9406
17477
19545
25620
8493
24691
29852
24864
969
31142
31545
5874
17565
21127
22461
8235
20442
12884
20738
4760
25898
5860
30485
24918
322
18405
31096
10810
1462
12137
11658
29295
4882
7073
22851
5729
18726
19943
5668
28890
24993
31490
24686
32107
22754
8358
9875
31246
6410
21563
27882
19465
23382
28383
22950
11286
13228
15022
15625
24000
31347
1345
27093
30224
2216
15220
29188
30057
31278
29293
7096
14513
27238
474
8821
1457
24320
4985
6286
14015
21777
19422
31965
18842
9317
28785
22711
21909
11542
11958
31263
11512
861
26833
7738
11683
3497
11081
8196
1268
18670
12300
32576
27371
10048
4787
21429
6284
15520
6664
151
32133
11798
15045
15428
30993
5888
14239
16433
6684
22697
643
13603
10920
2077
17184
12194
2671
28220
9893
20650
7370
19982
23756
24229
19921
25942
26135
27286
29380
23402
5977
21911
2474
4673
30329
19077
7223
3534
21619
32762
18931
25996
18591
22139
15769
29787
28982
9971
4541
14986
7442
21856
26802
9781
17077
31693
15275
13777
26765
16768
9504
10501
25207
12916
10868
13243
2177
11018
18644
26488
19188
11259
18786
18152
18322
10897
8339
14270
17436
12567
23765
18107
12823
25486
26742
29195
8144
15521
8897
28120
15006
5851
5226
5914
18023
22040
17196
2220
11877
17721
26800
1701
4906
31772
4273
13285
31202
25036
25182
17902
217
7924
6399
10998
15677
5274
28636
22074
9764
11017
1370
9876
12496
3343
31080
6992
562
9065
19225
19260
22958
25724
14738
20990
6430
19526
11303
10154
3609
4243
26049
5780
24693
25972
1923
17251
18954
26093
9901
31591
31673
29934
31168
15661
21422
10884
24803
12112
18657
8529
19845
31121
12259
14394
19780
13354
15575
7263
15373
24928
26302
12112
24965
9560
4089
7550
32168
12331
6152
14575
2224
3644
15000
27702
10809
21194
24509
22947
11170
20673
16764
31415
27062
21974
2700
21466
2444
7122
21085
4176
29867
25646
6746
6762
24690
29153
12396
1017
25784
21878
6847
21256
26031
16225
28872
1739
21774
19603
17799
26834
3695
332
1801
32386
21237
26161
30514
11974
10291
31646
8633
28674
7753
30525
29556
4681
16720
32728
22230
31183
14841
23403
31158
23969
24944
17278
8273
24211
19591
21425
10643
2682
4624
18073
10386
8092
20618
29898
14172
9317
14081
18997
26354
10076
5423
9653
28820
15189
14055
22244
3135
999
3764
11827
4213
26144
29629
21306
16188
12664
30443
21836
25705
21764
4942
10831
10526
29932
15805
4042
16530
29727
6077
576
21008
17989
18853
16061
17475
7670
18431
686
19888
19241
2096
32245
28292
24047
26716
11069
14224
24929
20100
651
658
17110
17137
14870
32694
14682
2518
2393
15452
16732
49
8806
1820
167
16370
21885
21767
9876
20319
4829
3120
7293
24503
16090
22380
6772
24341
3120
26453
29749
24984
20631
17557
12890
9665
1944
5985
19406
14364
30622
2115
4996
31267
11600
7709
11881
4191
16670
15723
9623
31696
6938
11464
26827
25231
10506
17076
21785
19378
15035
8340
5086
21104
30872
7930
26103
5254
10362
20263
12080
24536
13506
13774
22015
25436
10662
8987
19315
26420
7368
19444
20327
20506
13069
2175
17659
29185
14508
23524
11077
30201
32645
10580
3651
22356
30645
14922
1044
15367
13927
31248
2664
11347
24300
2694
22582
28068
8719
5663
30637
1209
18338
812
15468
8965
30301
27741
27125
853
11753
644
7775
31156
10039
15261
21836
14987
3862
29452
5915
7437
20229
24357
10335
23762
22597
32753
19855
7874
9523
27439
30463
15669
25813
6554
26894
8025
1203
6506
13473
8147
3304
18973
5073
18089
632
1399
32481
23135
17380
22984
3443
3168
5116
14701
30715
17568
18165
17305
19827
20608
17851
2646
12625
30962
23432
31174
13750
17373
438
17583
9704
25795
7634
31286
21762
8353
26097
10475
17642
10518
24391
13062
14724
13000
10997
14320
3109
19204
5411
14086
21323
12452
6735
20377
12939
13366
22244
16953
26314
25434
5391
5939
25264
876
27854
3672
3930
8035
10826
15360
1359
11513
28262
30543
20918
3341
15768
32183
7110
27461
28920
28606
15997
16631
15766
2818
10901
32586
17937
17786
9396
9368
27237
11774
13283
16663
18949
13834
21569
11961
11306
18623
16888
80
17002
21290
28785
27638
31116
8649
452
13484
19611
14155
21107
22337
20025
152
27991
32374
23606
2577
31706
607
12641
6681
1639
30476
18846
21716
6431
3689
19513
19758
8398
20835
28794
10016
5149
29772
4218
12079
15625
19073
24116
2869
13971
7498
28383
26723
29369
27137
4220
19079
23718
19319
7595
24715
27430
4755
17346
574
14172
21052
28448
15192
27575
25209
20927
1976
7970
7895
14345
9455
28795
25612
8173
7426
30279
4313
17969
28268
22180
3637
7690
30051
7038
8871
26346
31324
5894
5364
21657
2513
27744
25082
32135
31042
4252
2524
865
15738
22504
14431
10722
30227
25348
19604
20460
21052
246
952
32471
12986
22782
19288
1033
11565
28876
32440
18630
21653
25329
4982
23626
27412
22932
31083
25621
24822
8550
12754
26247
17646
26840
25004
9132
2466
32651
25443
28761
17514
10759
7085
18296
18773
23985
5555
1440
18542
30967
10867
745
20541
19406
14178
32510
22928
1118
10326
4979
16507
21499
22692
8281
20125
24664
3973
26384
15013
21751
7103
18269
16661
10468
21121
21180
14918
27811
30094
10744
20908
13415
17565
22776
16988
29317
15872
9436
15563
22055
21125
73
23001
581
4250
6656
16142
12497
2740
14774
22563
5682
31985
24352
18884
6388
30204
22349
404
12734
1841
15416
1906
1924
16385
4766
29691
7165
30872
31245
12367
7256
12222
9022
25368
10795
32763
164
11977
12460
28671
25925
9508
6691
8768
1481
5119
31135
10213
4048
3911
31976
31459
19337
23621
15030
25446
31617
8736
12576
19570
28344
932
2135
19402
30970
1601
28052
24849
17772
27223
6735
12335
14182
22705
23474
15094
19840
2383
11853
24070
15088
18280
16907
5357
11027
30383
31333
18835
25417
32214
16085
13014
14086
14928
12174
1649
550
24924
4714
546
7553
29247
3108
4108
448
7632
31175
2650
3183
18234
32358
25125
6995
510
6414
11671
29181
12599
22265
24913
7583
11298
30212
14603
19231
3037
2915
4986
17258
1647
660
17783
523
31497
2193
10333
6652
5004
14154
26547
23739
8010
5458
21003
30625
2833
15833
12585
31600
6758
17626
28008
555
17934
11157
90
