10000
26410
25555
31040
31407
17773
31620
19450
8536
12337
27966
30208
26092
22977
19690
31523
15946
7311
5895
634
8064
6787
8874
4180
8171
26259
29890
7280
1184
27796
22689
22641
15883
2895
25016
14988
6102
5336
15010
8324
8204
10523
25957
7896
2431
7864
20724
20539
3431
28177
26616
14660
4171
21152
31951
5223
3621
5775
14037
6692
4545
15490
25827
6526
15206
31672
22806
29871
6840
16978
12754
22042
24541
12786
13318
12673
10207
19080
6833
25976
26705
14185
32677
4377
15926
29346
16779
29178
9246
12939
2855
24156
21394
21919
24541
12197
21938
16522
20852
12561
1821
25220
17179
26276
4881
21470
23977
16483
10708
17114
6441
3523
30290
8896
32662
17762
5895
20782
3299
29941
7711
9648
20542
28033
23772
8080
12950
32719
32313
9712
1627
23834
13517
3605
17541
28682
32753
23558
6871
16870
19493
29014
12133
16389
29360
7742
15700
30085
23687
18671
28385
3392
19568
7973
6308
12284
5223
1536
14870
4834
14913
15376
26450
18994
20367
25006
24
13364
197
23443
22551
4210
8092
17315
13420
5924
11444
23562
16998
9452
9342
14474
27532
20163
4953
4627
10977
29235
13563
30869
18278
5576
8979
22290
6113
11713
22316
32247
13277
6410
981
10156
13810
27247
2303
11114
29510
21002
1958
21069
19540
15101
22708
682
31468
29031
27426
13730
379
25744
19808
27383
8077
22887
26103
3871
28560
8495
8045
1943
4571
10357
2920
22906
2287
29253
16663
7762
11004
21405
31438
15150
19623
802
14064
3573
2314
20754
24594
1273
19196
7034
16477
21711
31635
21161
17460
16479
31208
8676
20503
10039
16410
4187
11720
20005
22934
11868
21676
5636
3733
8903
4467
5334
26854
11458
20732
17683
30189
28077
4722
16193
27116
3929
17596
12741
2177
6772
4884
2809
30320
4424
25845
2430
22691
8870
5435
9940
25711
2332
9350
4135
17689
27246
27359
8556
31385
19268
3230
5805
5533
27425
13962
26529
29905
7316
25923
384
26462
28082
15325
21269
22704
13507
11726
24341
27005
21820
10
18607
6659
20718
25964
3684
27025
31100
14936
26393
3912
22034
9119
30059
12323
4436
5282
17730
13877
917
187
18345
11570
11594
15320
16605
18481
13758
20073
23715
29872
16903
16509
23775
7897
14392
8231
5731
2820
17112
18215
12293
26748
10387
9158
22516
390
19504
2306
25420
11423
26819
18923
3047
25350
24100
9293
16503
8314
8607
16015
15057
28741
9965
15579
20620
19321
21859
12672
12747
11386
23914
27796
2647
31676
559
28381
14577
14798
11164
1010
4326
2712
21638
18333
23011
1505
10536
6788
523
28948
27088
18952
13895
17987
26072
28526
21725
11372
8920
19004
28229
17659
1050
6630
18488
29329
1614
15018
5897
32004
25471
2489
24888
13991
13126
21655
16709
1739
23358
22468
31170
32133
25527
4252
4012
21682
1199
26236
24315
569
32510
28454
23928
16272
5584
21095
32719
10882
15448
4343
29925
25391
19395
12960
11115
19284
21867
8098
21940
19148
25934
10583
24515
15703
18622
1555
2985
28059
11610
17486
10254
16744
11324
30981
5389
31552
5492
11613
2885
13591
4021
20362
22828
30807
24655
10991
2727
5927
28509
11142
11992
10989
23616
28803
12343
23569
13900
29236
29413
22277
11712
16172
11581
4738
20732
5280
11947
19220
10734
22033
2241
22488
20430
10283
20103
15492
16651
13038
24083
7337
6533
20235
26714
29749
30972
8849
11078
14652
11720
28872
4617
19192
30667
8541
12208
21006
30629
17088
18427
30226
7718
3019
23148
3150
12297
8356
25502
9151
12767
7908
18648
4705
20553
13561
8674
26541
6250
18633
21783
26719
5276
29079
14780
30588
8546
18731
13456
4244
3743
22573
676
14148
24837
8659
9837
1
18383
4796
11032
5647
6835
22299
12829
25303
29714
23575
32535
14939
15219
114
30163
12546
13359
14441
16039
32410
25709
10460
1285
4764
26705
32175
1103
15794
1393
32624
22253
5238
4745
11322
15262
28541
1903
22489
17675
11412
18761
5934
10146
5449
1789
31445
6561
3758
14825
23814
31089
30297
7893
18105
11830
20655
15141
12302
30372
11363
16979
8171
6676
24377
28573
28391
12247
16
10235
12647
28874
16927
30804
3334
18218
5503
17393
32059
4266
12521
14130
19254
18115
26818
21120
15626
332
30548
8578
16401
1866
6751
29332
4748
25097
10704
8821
12427
9836
3024
20543
2061
26753
10752
3485
14439
3416
19459
24376
24810
28438
31550
8562
17088
1861
21467
9559
14871
4974
26388
6608
21122
26602
4782
5402
31387
25845
29123
21111
6894
16900
19141
30756
5138
9049
7872
31114
26649
11732
15839
27064
4907
3340
1330
21009
22381
8094
10670
24898
39
15813
13430
1656
24615
20011
5209
19663
3936
7423
26779
2829
11223
10568
26872
15248
8640
23673
3814
4229
16099
24645
25627
6235
5445
1716
6735
1655
28933
30839
20547
29738
25988
7545
10242
11744
13768
29622
4710
24730
7203
18512
29663
15262
13583
1759
1648
23148
4445
4873
7418
2805
13199
24660
11197
17416
31874
15415
14876
24589
19280
32375
8608
28661
21620
5041
15936
14961
29743
5682
29664
15202
43
26895
11543
14225
23647
2419
14133
14497
22322
2611
8069
1346
4323
28072
30159
27047
29224
20925
6177
25657
30229
8775
27599
2701
19264
17813
10169
14995
4131
30536
5068
27665
11969
17765
25036
13904
7053
25513
848
24086
31623
18717
8462
32723
30120
19434
5976
10783
13184
12141
7143
31844
21790
22670
28888
7640
23600
7246
18676
8367
21099
23712
16692
9614
12077
26490
4996
21314
16481
19499
26312
30386
6820
6895
24605
24338
21669
17089
22881
19034
4562
368
24821
30199
8241
6645
26305
10176
11659
17668
14969
17195
22480
4065
16159
16065
7351
7541
30666
3535
27813
32161
20901
21087
25808
3794
20282
27494
29860
7638
30961
13119
29286
14318
14035
600
25367
25380
30612
18988
31131
12510
18641
23665
4378
24244
17558
12946
9895
31103
30755
18783
5663
14002
10224
25860
7764
30702
5358
20791
28779
11472
10000
29110
20099
1806
8458
14065
32152
13506
16729
19203
3750
5381
29827
2791
17169
6848
31904
8169
4164
20927
12825
19802
1688
14855
16816
18056
8056
28010
3008
8430
14020
17240
2246
13991
13170
26360
22305
3369
9083
4983
22038
5167
20213
27297
29207
20727
1660
6574
1605
18862
12503
16478
30515
17705
23513
20040
27373
13013
21636
19054
16953
20209
2677
14614
14108
22266
17020
5077
17568
25191
23690
2029
15317
13207
12496
28377
10774
5384
18469
13605
29837
5833
29608
9091
19706
16434
1959
15900
25519
2514
15808
11812
31455
13225
582
27057
16153
19351
12519
3533
2320
30741
1163
7881
27805
23331
15998
8917
14599
8577
18642
19150
20097
4642
22527
7511
27892
12766
20429
22571
24575
20327
28532
31666
11325
2942
2305
13522
8646
12647
18427
6407
30712
29594
19271
26806
22135
24763
5705
19390
28530
9420
7500
15441
3880
27298
28964
5122
17579
29077
19985
28446
2020
11132
4583
23104
216
30425
23916
32288
21545
18768
25858
15788
6368
24158
13446
31322
23401
15943
27255
29372
20959
12624
11867
28501
9611
29487
26206
12715
30119
15040
28733
22941
30567
27129
24930
13559
22330
31264
4689
11588
16205
30779
31042
18403
10064
9673
6159
27741
20862
4527
337
25846
6359
15733
14534
19842
29872
8882
29431
25722
21870
11461
30743
29263
16015
31430
11821
15102
16874
32189
3702
11749
16439
18193
2564
18389
4817
6979
8620
23400
699
7387
13599
13205
12513
9123
19799
17537
21409
5140
26165
24216
28042
19214
31592
6109
24932
29132
23696
24446
1904
19990
3235
28588
10225
25272
12432
4521
32490
29748
20771
26659
11562
17844
29737
13248
14982
8770
20692
17914
3430
1595
9057
5677
31619
32001
25591
11502
22510
1777
25811
22943
8789
7061
7074
26176
15234
7194
6702
15752
17188
18948
31293
14133
722
5664
16566
32416
2637
23482
31750
18324
24837
23569
8642
17760
28895
3592
28558
6187
3638
5662
21309
9352
16672
31392
7738
2379
13298
26654
2086
10138
27398
6683
17602
28999
10683
15368
12560
29021
10430
22132
23477
17144
392
7293
27810
27226
29480
11658
12275
17468
25667
7996
18455
32610
18009
25505
19250
21618
15945
24491
20415
28678
13848
17889
11386
17152
15342
2389
28541
11550
21089
31958
20649
13774
5622
29286
9031
18243
23525
28399
2799
8136
11805
17969
30633
27988
18568
13055
11603
18271
31632
16299
23107
31477
6114
4799
301
23817
18290
29677
14918
5899
30655
7497
4009
8637
14680
11446
30970
25154
14495
18846
14922
7543
13261
21223
10811
13703
4662
10530
9061
26042
207
26885
9464
28814
14317
10779
26274
29705
20047
5562
25523
22605
15711
27190
8575
3181
31413
15956
13571
1407
19165
6401
19404
13299
12634
12612
15381
25379
8682
27250
24624
14122
22284
24737
16679
15610
29120
6494
21666
16553
18062
11427
21003
24076
31689
31235
25329
32647
23829
15912
12970
16163
2087
7295
8509
24033
22220
28978
7551
17743
10797
32599
27259
18264
31569
20327
21527
4192
21731
20977
5877
32657
6710
6799
32664
22895
16262
18202
1224
2227
22401
26394
24887
24918
6661
30592
28772
6636
18476
18072
21184
28467
4486
21561
7440
9708
24229
575
5906
24297
9439
10554
19811
29032
10063
25960
31392
16287
18717
12257
3019
14744
21759
6162
17393
575
24064
12652
17162
27322
7553
2397
29729
14328
29309
14720
9909
26253
26129
27153
22366
24765
22843
22691
27572
23254
16354
14101
25964
18884
3350
30402
20676
10207
13466
21496
29218
31751
26015
13740
30455
22259
25299
13675
11754
15046
7066
25492
2611
8419
27291
7109
30276
4611
7551
32147
14767
1157
10741
23934
30276
29957
13306
16931
121
27951
18775
16820
5904
27861
30315
21414
15859
26944
6186
27305
16483
22212
3942
27357
7761
28823
14670
20547
26892
13028
20788
6514
21277
15130
8083
19083
30575
650
6736
7278
7092
10033
23104
11310
29187
14034
2539
16067
7622
12361
12687
27903
32723
12059
1128
19396
3545
30033
4911
25715
14590
18311
2017
4519
10182
20288
20161
5156
18231
30588
20640
29706
30523
30605
8796
591
22085
38
19879
3691
28727
16053
5897
9301
21636
10994
25896
26287
22417
21176
11592
22845
866
6165
2318
12188
31602
5533
22921
29745
22498
7427
7027
7007
15318
1002
20659
22269
11037
13048
8999
15879
25360
11052
9377
7315
15036
30066
20527
7
20035
12405
12448
21386
31103
12469
20547
8376
26089
26329
22002
18586
12217
70
29519
18645
26191
30192
2126
24865
27602
32112
8180
11517
30743
4184
10846
1442
17092
32195
6148
16437
6325
14896
14911
7232
24734
24976
3337
30307
21234
8093
19972
4935
26884
29294
1215
5844
18285
31560
24628
31652
10157
20920
3477
7863
1301
3294
27720
13160
4324
30476
17200
13215
12720
8080
23342
8265
4615
16077
8935
9733
599
8337
16328
31264
12811
2210
12360
964
1015
17818
25453
9580
502
26101
27026
15003
13265
17257
8807
7630
23907
22646
3129
19119
26619
5181
6260
28811
31490
8341
10598
2310
2014
20060
7493
18190
19733
7179
2676
29197
5302
2701
4354
355
12789
13394
25972
3091
533
23199
30916
24764
29835
23848
25001
22988
24160
20448
27417
16880
7383
8976
27660
23759
19280
4518
19588
26615
4204
18896
23498
10263
18034
970
23546
22128
753
31477
26305
646
16807
32040
3942
15387
13986
1098
26119
6493
2981
3617
16422
27999
3277
9829
27236
17094
2164
22297
10123
28357
26198
29467
8402
20555
14834
28409
11101
3962
21556
15366
1796
29020
6224
22957
31317
5073
6129
4358
28636
9676
14995
3751
30882
28607
29741
20157
22515
16468
20244
3931
31844
4446
19740
15633
2581
30991
25600
3521
23092
15211
6404
15790
5058
4092
32728
8918
16794
28616
8384
2690
2479
32640
2546
5403
27029
27130
4159
1087
7235
16097
758
12052
3351
10668
22278
4316
31770
5324
3426
9674
14214
3370
22698
2580
3717
31184
17927
3914
24892
31718
27991
15334
29192
2785
27786
26916
23559
8439
12875
29460
21211
3030
23523
12013
4010
13717
10843
7076
3945
31211
21217
189
1627
23455
11886
28514
11476
11839
3237
22962
18755
2069
11773
13403
7023
4183
10530
22123
3329
32158
16281
2915
19267
22681
26019
2957
11815
22275
357
20112
4235
25298
9541
27714
32187
8626
18839
32701
22584
4273
18809
16565
23992
2108
9979
18185
11373
15434
23172
11415
11658
3287
12657
341
2308
14996
32766
17822
1685
21469
10858
24265
7
28139
18774
14848
18607
32331
28015
4431
11832
26766
17996
1788
30370
5187
12441
2839
32649
7970
28534
16209
25259
32650
5402
19730
17317
11054
24252
25029
11005
5643
1971
17783
4709
7581
22492
16288
1598
13394
28988
15936
92
24895
8422
29486
24585
26641
14111
23469
9036
11591
10945
26177
17771
10911
3037
10945
26286
1998
2468
26796
8550
11124
3976
16320
12334
22607
15774
22217
18801
10927
16455
25784
21548
2602
19215
20468
23029
25488
15061
22517
23101
16162
9005
32014
25298
1790
19202
6794
4519
4574
23680
26363
25560
17922
19504
20175
30185
26731
15205
23844
6479
27722
23000
9950
25393
22200
2703
27638
6255
2727
20483
25364
6884
4377
17281
25441
15336
12688
7121
24726
6169
28357
1814
27994
24668
15260
23541
14282
13342
31832
26105
13401
28896
10251
20790
27354
6898
7761
31021
6619
17278
1342
7920
9269
4041
17301
19079
31969
17846
27451
23441
1293
396
10219
3374
4207
30968
1578
28957
986
28502
9854
9762
16911
16172
12507
19883
23253
7415
7262
1202
12364
30507
7998
25573
1662
6005
23295
19205
12599
26947
6376
31628
21527
2438
10936
18066
26853
950
17301
20977
38
24599
23877
14504
28654
26428
32160
2685
25847
16073
28741
28391
2544
17277
18573
28458
14615
17519
16317
11204
27658
919
17280
264
24026
8081
18580
24329
4962
19102
13763
22713
15831
29420
31509
11858
11168
16407
10564
22261
15207
2543
7536
19857
1392
11388
5396
9479
12073
23871
15929
10124
7427
26043
6121
1358
30337
26420
14055
22106
12430
2999
17053
29629
4628
18522
15958
27625
26314
5317
29357
5723
21582
15345
2885
2683
1395
10800
15547
32196
8156
23662
1753
19748
14282
21686
26381
13734
13874
14328
3865
78
25875
30985
29707
9540
5638
13547
18800
10806
5911
9295
15557
16375
27091
18008
1326
25452
28834
10402
7019
1448
1623
28803
11783
32598
13318
2448
9682
21335
30997
7523
20114
1197
22934
14492
30710
920
9940
16678
8907
30206
13868
8636
3698
24336
31263
20139
14994
27179
12709
2009
12554
23804
8643
31750
11306
29928
3423
12626
27938
13227
24404
22271
22202
24383
15042
25721
8260
14591
26023
10643
13519
12300
16820
13332
4766
4848
18265
11890
16089
1153
14115
7133
8577
14344
30023
5503
23977
14499
17279
27907
31204
16360
19732
22612
27898
24523
14652
2727
25311
962
14247
24251
19941
3367
15189
30303
6192
3805
22442
29494
2410
27702
29636
11447
13497
24340
18444
1911
750
10575
23051
20907
11520
30039
27264
18664
15032
10779
2479
11566
22957
13865
17915
1317
8307
5654
10423
30630
4624
6688
30010
24189
30127
12050
24113
30318
22169
11880
9530
20598
16480
31156
22702
26706
2909
25920
9149
1094
19805
13813
25793
16919
17048
13947
32204
30041
17123
10146
4995
15089
5926
4097
11824
26066
17167
11997
28946
10506
5896
5708
23544
8962
7783
12441
19214
11777
15845
13547
10486
6643
5714
20258
1818
13161
32647
32514
4161
15328
12187
29331
2401
14150
25178
24519
21684
12986
5362
8542
11022
26772
10736
6919
32622
26021
2411
10440
16595
5056
4479
7583
28241
19832
27390
5482
12643
24364
5729
7684
29315
6465
17669
31665
7160
22447
21140
3260
32496
8895
29376
4190
3790
19731
26424
21730
26309
13030
20948
4359
19878
32405
30483
27814
11254
5726
1224
31892
10308
5992
12560
13770
23993
516
17799
7107
24817
31539
27324
11814
1801
18280
18402
22949
8954
25231
19144
28709
11557
22861
11275
27679
2351
18314
906
838
24078
8237
282
19562
13412
8742
7547
31900
20236
7858
22411
32659
29171
29914
20922
28494
2858
26173
25534
12027
29241
10512
29832
11544
12725
23395
12406
4312
3861
15270
28618
22216
17601
19051
24923
8370
8812
14702
19850
15553
1956
19410
1400
10215
27815
2989
21110
3964
28025
30919
31165
5672
2867
5279
10336
24578
6046
28591
23422
10745
32512
7153
6332
28788
25654
10402
2802
26933
17155
2886
22309
21635
3240
6636
15798
27016
29365
31411
23512
25080
21534
11405
8519
26867
145
3395
20024
28973
17927
186
3467
13900
31898
7540
32584
28049
1174
601
18249
27067
27346
14776
29748
13864
10049
19849
21165
27966
10692
28917
201
19977
10562
25368
21957
21797
26875
28421
29176
23775
26649
11530
2822
2199
12168
26934
18519
32617
12808
21273
17351
14860
29313
23243
671
26617
25750
24368
31429
12240
15228
4473
30767
20216
6925
12782
30365
23686
24344
2539
17288
13153
27900
18217
31829
18339
17269
7231
15567
27458
15541
19049
4564
17903
14007
30855
1102
1086
5584
31593
20582
520
21895
29513
7412
29710
7078
25241
18233
21726
401
8704
5840
6395
2007
21919
28130
28216
26631
18328
18842
2661
14533
19409
9944
19757
6172
4341
7978
14655
20502
700
20984
2220
10634
8557
28158
24720
24886
29345
28415
26613
29453
28489
25528
17908
12242
4850
20500
19229
20710
28744
32670
18970
32351
28377
23611
25486
31577
5660
7449
18755
27793
2482
25059
15493
27952
6891
3639
19401
26084
5004
31065
5011
23093
7632
17961
1686
8215
28076
30546
284
13755
3927
5061
11176
10667
32522
28518
28890
18710
28165
27652
2708
2152
22738
18063
27227
23070
21197
17541
256
26585
10980
21934
10623
25009
19868
32265
15143
22475
2132
7174
1787
21038
4558
24309
17497
6866
31723
447
12505
28154
29366
7636
26488
1220
27812
10852
13046
11775
12315
31698
24444
26940
21040
22374
20354
14376
4789
28482
22512
6681
14707
23191
10115
26086
22708
24088
15731
30204
6405
6319
13139
23214
29241
26735
24120
1741
30129
7115
2845
10873
3547
17157
23174
12342
22265
13801
32612
4163
29988
8634
25913
28199
2960
13165
380
13452
14609
12821
21567
9040
15838
7583
23567
986
11926
9663
284
30634
22656
3370
15258
5428
15127
19718
31078
18159
15046
3230
1773
8361
28912
16731
32586
7965
15667
2800
1966
1479
31726
8148
23045
20215
1536
24053
25302
25125
24019
21419
30315
1156
11674
21738
24883
14297
31446
28861
22372
31630
13087
23279
2020
9218
30241
7691
22122
15396
16613
10632
225
9536
24146
4157
13325
26905
16627
2843
21360
29239
10746
5146
30831
7810
16773
11636
27825
24592
1057
10514
9160
24636
10636
1091
30739
22776
26816
11188
12002
6244
15660
15261
2012
25247
4421
4152
23454
9692
29245
14967
3493
13497
12562
11510
21870
31437
5323
13615
8923
24448
511
5357
8665
19232
15254
20483
8512
561
8403
573
24827
19204
3219
20887
2920
4491
14799
20653
24065
32107
20840
25971
17725
11859
1316
2086
28593
4748
23539
28290
7291
3026
4984
30518
10464
22115
15044
27029
8500
26197
27237
23950
22778
12076
15775
24542
20045
2476
28921
9860
23679
11244
18940
26997
511
26540
11319
13202
15744
8936
32646
16343
18007
16046
19348
14037
9253
24620
11423
24674
27063
20493
1403
7567
5930
25606
4826
16090
26451
9899
17354
2725
3166
12680
31615
2023
8116
28013
8275
24866
18723
11529
7179
29589
24889
21946
12636
24242
4848
2724
19118
10194
16529
3585
9759
17960
12242
19639
715
10995
16705
18480
13131
6648
14054
21094
14715
26160
20004
20541
20352
26302
12513
30230
522
14371
487
12961
16343
7605
2185
15346
633
5966
16265
29400
29784
32577
19257
4202
14330
17554
6881
20962
13442
5478
14689
5807
2935
3512
4375
9413
7111
15950
9987
1848
13836
8171
4393
15113
26125
18119
11319
7744
30088
27196
21608
21818
3119
5314
9640
6725
4336
4125
1785
11114
12409
25045
1301
19082
11516
27623
16469
941
23343
1466
29137
11670
28824
8532
19401
22683
1799
20686
14660
8115
31076
16389
16630
4049
32170
30355
3943
6512
8244
30206
27730
16495
1080
2094
8011
32288
3473
21029
1957
2460
22465
32490
27539
31321
7734
5830
17037
30974
31180
22195
32502
29301
6036
7186
6907
322
19668
14492
27838
276
11342
17051
1460
154
197
13658
8523
1432
20670
30170
26321
22330
20356
4038
657
17064
24430
16041
23103
3546
2404
5983
24726
3246
3488
26058
19519
3128
29106
4806
13813
2137
12231
9822
25063
24467
27434
14912
14429
31003
19979
28782
12703
4400
29824
16951
14611
8108
2249
15206
19365
3289
29912
30137
21867
10373
19729
26772
4745
5977
22606
24823
30547
10854
22822
13742
25522
21761
31855
3015
9673
13521
4353
16201
4056
24614
27837
17443
9568
28300
8910
4963
9096
28577
28463
30888
26815
17443
31597
21466
32675
3405
24751
8984
20769
9828
2803
26866
16862
23693
24986
17113
16086
22753
22823
17363
32068
28867
21060
26484
29121
20593
27142
12553
17071
13274
8049
19222
14808
8624
29247
15107
31059
23741
24285
32018
30632
32634
23479
7316
1843
30174
15285
7261
27854
18804
6661
17269
18858
29616
13084
8720
23678
10883
20215
25280
24036
23341
8359
15338
31743
18259
16140
5495
14690
30801
6881
14027
13101
31953
5624
4347
4729
9373
8135
31034
11511
11953
31524
26517
6355
7573
4429
3553
14303
9705
30251
23281
32237
27457
472
15884
30332
32564
9054
16029
19864
22192
20674
15405
24571
10640
14401
27279
5752
28785
5849
24154
4250
29889
22539
15773
25224
10008
25312
26829
27179
12236
14378
12290
32659
28096
17932
26723
1175
22396
5308
30175
6076
29315
12424
7455
28249
21728
29975
12728
6648
25859
7666
29860
15614
19403
16450
14067
29327
19684
4572
5310
28076
31059
8570
23645
5022
28751
25675
30169
5528
8787
15535
24228
19864
19057
24123
3464
25230
4585
13060
21214
30656
4602
9754
2304
27501
10232
30546
10497
26800
20383
31817
6043
20648
30631
29349
15976
16086
1176
18334
17749
11462
30176
30910
85
30962
24867
29156
25938
21731
14290
3215
7785
24217
2815
5209
3158
26925
16752
29890
19757
14517
29682
29743
6988
13672
25583
8243
6285
23043
16451
20236
22976
24939
11340
23153
18008
30611
15680
30603
8292
29088
25028
20545
18625
20811
26554
16824
5006
6023
5210
25626
16609
10852
644
16279
28088
21044
15188
21162
4403
4588
15608
19870
23040
24269
25534
10064
22
31555
26993
28470
24230
30989
28390
160
27214
9886
17362
31550
22417
27587
24798
9443
1412
22919
18430
6280
201
29012
16126
26260
12993
26458
6238
2651
4350
25652
32351
22756
24823
2505
29790
19695
25600
16241
609
21558
32633
2394
16112
500
13637
28457
11046
19108
126
13796
5383
11531
27238
28943
29716
27768
27553
12053
29725
16459
28066
17642
8791
7348
100
31983
28846
30909
6234
11542
860
13707
26792
30790
31931
2784
11667
16129
15191
7397
31542
836
15944
7975
25719
17326
9151
10463
3642
4581
30174
7798
725
26678
14797
21576
22979
635
29962
20137
1948
15938
7424
17189
27204
17963
9436
16140
25955
3218
7580
5935
8982
22894
7272
1252
19685
28537
23334
5200
20724
3218
18249
18405
1917
18783
29417
5417
19581
7222
7193
7865
25006
830
15989
20366
11446
6609
25338
15232
9630
7461
8731
26888
2437
9260
3088
26698
9622
3768
27506
23379
20023
28643
5637
21407
22147
30638
16341
10462
7163
8168
1156
11511
31352
8274
6882
24910
15461
28160
26302
4419
23338
18946
23804
30203
9195
9028
28136
18274
5235
20403
27082
24176
1131
24737
5051
19628
28368
5739
22198
3311
28580
14169
20722
12651
18915
19909
10607
13035
2488
4480
25551
17756
5873
113
9832
21901
19377
27263
9879
5171
25444
29874
12119
12848
22008
22420
30226
12821
29515
23774
12727
29413
21215
24656
10252
22556
27605
22497
9542
13039
26905
10008
4567
20694
3546
16826
6791
21320
15933
24997
7878
13509
82
21500
22848
7962
2375
8580
30387
30433
10971
5710
3837
16455
13590
27799
13434
16658
8247
7916
3468
994
4847
9618
11387
8374
6348
8996
6528
28339
7416
17534
17180
801
32035
22490
18606
8631
18622
24377
21317
536
106
8709
28851
3741
27056
500
9443
85
19186
5935
9580
31818
9121
22452
29541
5638
13489
19960
18300
23382
27978
8913
1090
19790
4033
32404
8905
27277
8902
1402
19825
11971
735
29513
7423
11120
10261
6704
11247
7662
29676
18674
29708
9905
7065
23623
10813
1486
624
32639
3234
186
6300
24680
22239
21844
4626
23154
20664
24102
2504
23825
10975
19432
25889
4451
7689
6214
2988
787
71
5604
18191
20605
17556
16798
24382
9746
6314
14612
18161
2302
5403
31334
27732
13577
13212
20796
512
4539
32676
5386
21546
708
13622
7314
32282
6043
16890
2730
5087
24164
23699
22591
5186
24087
9773
16282
14072
31711
2645
27874
27420
20416
20750
6114
6620
11389
5921
27405
370
24249
8372
23487
15446
26460
14878
22470
18609
13624
6906
27681
9237
8685
32634
18695
20332
13833
27647
18220
20271
30836
20198
21055
31705
19724
29860
23735
13978
9868
533
16591
22095
4018
26897
13007
24754
20385
2881
10382
25550
11652
32560
23093
951
6004
11173
16453
4215
12444
11569
13020
14411
2714
14852
3636
10768
3625
30724
108
15352
22269
31009
25739
27265
1775
20962
20162
17320
21594
32324
11761
4697
22469
2245
9837
24107
23746
10172
2561
4938
14869
17643
4402
26292
29977
9047
14791
19113
13408
5976
28297
1884
17818
1260
23624
19439
15032
6224
6174
19358
25169
27858
31480
15163
8004
5601
22097
17114
25503
15974
26177
14285
21183
21079
9399
13011
20153
26248
25090
22156
29945
21189
18071
23088
20009
12831
8718
11393
13653
15747
11117
17150
14924
13457
5801
26970
841
18602
9066
9516
29138
15947
2319
488
3809
14490
25586
22798
578
25407
2029
27297
6460
28277
23581
23003
8307
4449
9189
25119
5389
1698
22838
22575
28948
14121
31758
19359
5915
1867
31551
23690
8485
31252
6770
6531
5826
7903
31083
31182
20091
32035
8335
18385
32368
29328
13987
4037
16448
14171
17366
26289
3113
31958
9730
7577
28529
23107
6703
13554
516
31722
32601
9306
24414
18537
13939
19078
9899
28748
17323
6524
17965
7133
5360
21250
5599
11069
4529
26966
1368
15540
22504
22559
24817
27974
19032
2468
29226
1927
21522
7228
32586
5296
1342
7173
28230
1009
27928
1241
3812
23561
21817
8318
20512
11029
16920
5405
25807
10405
23760
14326
7042
15893
10788
30801
28077
26907
12992
30392
2569
11420
193
7267
24118
964
5752
18164
25509
2901
17003
23653
13237
21823
29853
23358
10012
6770
30992
15115
1161
16112
15239
12557
648
23590
30864
11568
8357
17788
32706
9021
7124
15147
27460
29777
528
16206
28815
3214
10563
16701
11892
2320
3430
4886
7264
31266
23017
23964
32479
5554
8789
1605
1375
28163
3632
15246
30007
162
31777
7058
1511
12699
24660
10459
21153
1772
25120
376
1289
14394
31975
3151
7482
26307
10302
4277
31497
4500
19278
27708
3213
6652
32634
23244
17887
27712
26179
1270
17950
8336
5736
18564
19894
10298
25681
28501
27106
23326
2477
18536
31088
31074
28763
22326
28357
30055
9350
3397
29472
6651
12821
16890
20259
24784
28994
23727
15503
3372
1672
25861
1359
24291
6595
28027
5048
29059
2195
3136
22543
7118
6145
22086
10059
25453
26981
4248
30493
22754
13959
3053
6958
28607
6404
24189
26536
10005
24819
28691
23799
5680
16073
3172
16593
12673
17530
28575
18547
23516
481
325
14382
6116
16482
12603
7203
28099
8654
11038
32331
22814
9862
21462
15802
21319
24292
17774
27428
19893
19414
15650
20128
12466
13004
12218
31404
12884
26837
30743
4209
6574
22788
21516
6473
16967
18969
9071
6527
29644
10077
7535
16470
25089
20686
28711
22860
26877
13948
32372
25247
22935
17203
12292
27921
27164
23130
1968
10472
8003
27931
29708
17466
16738
27333
3644
32359
12769
4206
15113
5351
13551
23516
25140
27974
885
9638
12297
8300
14664
9878
5432
19234
29603
27730
30945
18386
13268
315
20718
13710
23093
19350
5285
28756
19806
26602
15741
24209
8601
680
18993
14307
21655
29969
30740
10531
29025
10581
9892
31139
12432
2552
6497
5556
26817
122
3040
8812
25412
18231
19483
32422
26900
4748
20235
21833
7180
21819
29561
9422
28759
9233
26385
24572
23081
31942
25016
3062
940
29732
11039
32632
7998
3947
7832
10078
10713
19701
8489
29798
12754
8214
15839
22070
30151
25670
23653
26529
28627
2946
17877
12326
8451
3055
27598
7865
12558
20673
9671
8647
13888
12891
22691
116
14776
14775
15493
22823
19411
13065
13541
26952
15592
21407
28388
584
20022
30476
14812
20450
28442
14213
20028
21409
23174
25995
30355
14755
10414
8907
20202
27292
10500
9282
3671
32541
6247
24484
3791
30743
1943
10239
1852
24731
1517
32155
11215
15587
25673
5414
10392
27286
9291
23053
10836
22088
26566
28717
27014
10816
29809
30891
27593
23167
8160
7712
28516
12798
14259
11258
13599
17718
14862
13599
7253
28133
29257
3539
17739
13328
19944
7387
11712
18500
32205
18402
31685
29474
14252
32541
27343
7707
11200
11307
3851
22903
700
2111
25329
924
30725
7552
21276
30093
25630
30640
15449
22705
19299
18444
4094
2518
17659
116
4733
11637
19976
10700
26680
22839
23840
31138
25751
30393
18945
27409
20312
17292
23936
24293
5159
4737
7619
1791
4207
12835
10928
8444
29551
7300
16037
17425
25744
21565
10090
17977
25590
4784
19300
31891
6485
11152
3851
23301
1286
18852
11934
14118
18266
26823
24597
12891
29230
12596
20823
3904
6335
6144
22189
30281
4544
26856
23926
28073
8106
7501
30493
2162
29524
9341
4169
4350
15555
308
10323
12943
15939
24675
7421
26162
5558
3375
24161
9961
12333
26173
7975
12552
7093
14381
21755
20704
11124
8548
7486
1179
8692
25359
23036
30055
21950
17252
6943
3031
1067
25899
10210
9093
18039
14462
15496
8701
23831
26829
20557
29910
17740
27685
30621
15138
19705
6065
13956
7689
6322
23937
22374
7344
20501
6026
6640
20320
25693
1006
20046
26084
9524
22142
12446
25906
6089
893
6309
26702
17443
10151
20929
26732
27829
12658
12063
20565
25650
12180
12334
24331
30114
26821
18772
7600
4790
8390
9439
27812
15448
11938
28734
27630
22919
18484
2417
17117
28770
9961
8382
2798
30082
27080
8870
25073
9613
22703
32279
26472
7432
27871
6883
10544
8813
17082
5233
17251
22142
22732
3251
14204
16088
16393
11095
16060
24267
8533
7490
7117
21097
15434
10298
12198
8157
17205
9954
21934
13055
14433
236
19236
14117
12441
29578
9662
17211
7912
15909
7568
3094
3491
1874
11824
4357
26793
3586
21272
30377
15594
31480
25419
1031
4390
26241
20540
30172
15351
26207
19435
7216
23314
14342
6737
30254
20426
23307
4606
16435
25814
12249
4097
10277
339
28326
25352
7174
3341
2725
29128
26313
27130
21885
8351
3940
9991
30459
14968
11814
20503
3331
24816
11339
32585
1997
18359
8654
4986
5710
16184
17790
12300
14067
21116
9044
27109
16533
31819
3332
17850
30634
14229
30930
27533
952
28433
17063
13172
22800
4132
868
28573
27320
17668
29302
6031
14505
6685
1451
14514
3642
4788
17219
20498
1245
28874
31307
29024
7945
13379
21798
24378
3959
5447
31341
30891
145
32233
12281
8182
28712
18182
13373
32399
29541
15472
16857
19051
30466
11340
29037
28793
20409
1465
28075
18545
12029
19123
11697
13772
20457
22838
10645
23059
28790
20390
15681
15453
27376
4206
11649
2580
939
10472
858
21751
16114
8061
12702
29285
21312
27917
14525
24536
2995
9616
15582
20656
11965
5118
16942
18738
15645
19821
888
27344
7437
32633
5879
21930
1469
32233
21864
17238
16129
21392
14178
16092
2374
23152
7402
7685
16843
7974
13123
8150
5902
4994
27907
21591
24964
21621
16492
12697
29836
1840
8184
31222
31654
4490
24886
22427
14304
12706
1493
20804
12690
14534
6910
31815
12875
28052
8936
4052
6923
22879
15526
15739
27315
1237
32323
29422
2233
26590
13584
26889
10272
4295
61
9231
22184
18079
31143
18743
3138
10977
24817
28007
20166
7764
31958
16703
15848
27952
9917
15961
7017
1666
13454
14799
9098
17105
13509
32766
18886
32258
12485
23946
11712
2169
26990
14755
23675
13185
16881
9606
12745
31982
19683
1350
28166
7681
12177
13772
21509
395
20372
21532
25419
25941
32421
2523
635
10944
6322
782
11794
6825
18481
28965
32596
8335
25780
16184
8071
16632
8125
23440
31582
20240
29652
14953
19128
9620
2520
30198
16523
26350
2195
12198
30490
2210
656
5798
27759
11752
30257
14247
8965
5530
5116
31201
15045
8017
16182
27992
5683
11212
31923
20062
24554
23697
17388
25177
1094
30422
26194
4550
29536
28065
226
25470
16191
22319
11258
15672
27212
20883
23915
3408
31239
6815
12495
16839
8697
24327
2589
12426
6889
1220
18042
21751
31315
29879
28498
1693
7702
10127
9128
3395
109
31212
11178
13868
2080
3012
27273
20122
10492
12039
8839
10129
26752
10622
16210
1757
6873
19961
6800
10583
27665
12457
28347
14947
2435
31435
27695
25789
32658
8582
9345
24694
8090
1047
16403
8761
551
13611
12773
4051
31077
29580
23982
24050
2008
5632
25644
31533
12109
28271
2488
11333
11281
26691
27421
15787
28768
26132
29866
28226
29728
8837
20358
30565
11472
6249
14660
22060
16827
13867
31159
14827
20593
24684
27400
15356
21879
2029
18437
17599
3390
22192
13500
16862
24914
14426
13641
4566
13780
16860
1772
18611
11050
15442
3935
12826
10229
22315
22118
13453
16195
17803
15783
31211
18183
19181
27324
310
12998
31501
6023
32153
1682
12549
15557
9898
30268
438
19174
24044
1222
11625
25885
19864
14359
21686
21171
25757
13554
29862
6816
21477
22313
28180
32092
28890
6670
7257
16627
8489
25899
16168
856
13253
4403
15286
1787
19248
14648
31006
11677
15606
11293
23557
5475
2682
4687
9593
3114
22260
7088
14623
19739
32443
18900
3726
15487
13248
10864
20982
5588
17243
5647
30725
16416
26955
18183
18699
15493
21496
23724
10076
25366
15866
7875
5366
25065
16607
5434
15459
12909
17705
18454
225
30974
13207
15276
22977
695
19366
32020
32013
21896
17238
21211
7533
1672
5169
26104
16203
19084
6538
30465
26934
29944
25603
29599
13188
22741
26194
64
31548
16420
24388
18955
15411
28018
9473
13593
22132
23469
13715
15074
17125
12342
12450
3317
31528
4919
7809
20461
6336
25143
10351
672
28533
28908
9750
26009
9977
19536
9304
30409
6091
13303
18763
21881
28508
15775
14722
8835
24433
22281
25231
12482
23752
6663
20165
6599
12542
9943
26179
2765
25520
30895
16686
24047
16097
26777
28477
21401
29339
21121
22651
61
7129
4236
6984
16967
12965
16556
2977
21586
9086
2162
14242
20380
6140
19235
5449
12983
12983
1549
15741
16514
16996
18203
22607
19288
12353
29096
7807
16519
11700
17809
5186
2052
25902
23694
24898
3165
12886
4546
27111
32494
9572
1936
3541
11352
21962
16305
12214
29999
18458
31107
27193
16115
27428
19108
5722
28994
28766
9664
1765
21323
906
17319
7477
23942
9618
8867
6978
21411
11959
4104
22235
15040
15338
28684
12847
32734
2938
14297
32146
25238
3312
19937
9854
30728
10296
17522
22488
23061
1
8842
28533
22222
13157
12012
27869
13355
25293
29043
15695
23553
31759
24231
2309
1070
4570
24974
26040
10006
16980
14277
4711
24660
28929
21454
8277
425
22503
14764
11601
29752
13296
2477
4921
14838
4239
11656
12481
9052
30374
23463
12145
3423
680
25798
27373
15265
9723
32701
23929
8937
6048
1946
13756
14289
14357
24563
31172
5566
27770
29563
23371
4629
13556
210
8505
4012
591
10658
19050
9855
3815
30695
19888
29605
16072
19854
6940
9602
19220
29250
17017
6205
15525
13187
25370
5748
31220
19192
18646
4655
27705
32518
23120
27155
32724
12705
15484
3801
1004
20834
20318
7422
11606
24794
26645
16059
16568
2087
27673
27191
10222
25796
12737
20476
30380
2982
18952
3495
8805
29060
6032
30948
29036
11638
22247
5786
25946
18881
31754
4707
9391
5873
2343
19007
10172
13609
17063
17033
11456
18360
25708
5674
14161
1772
15447
14092
7933
9259
19982
4818
28978
13375
25596
28614
10843
5106
12697
5650
2636
31451
27371
6452
2016
12407
30029
21932
10208
6012
5487
30455
15143
873
16030
6593
18436
3170
26437
24151
8928
21819
1716
32603
31265
30675
8225
16571
22862
2979
32492
19171
26483
31382
2088
17970
25799
6171
17750
19115
11148
11897
3187
30702
14391
30308
26934
18790
31953
11469
11155
31427
925
15102
16259
4267
9467
9445
12807
22956
21644
12720
1898
31606
18839
667
18119
24647
1707
3078
24268
6310
1158
9419
18365
1364
1078
8142
1724
23936
19582
9174
30279
25914
22139
13723
30722
26666
11655
10272
29623
19586
1630
26434
18331
21041
20864
20625
3539
21082
19670
3680
23350
4868
22679
10520
23381
787
4973
17106
28088
29303
468
12580
10347
6819
17603
26938
25530
2880
9103
29225
13112
20259
27916
20865
28678
23933
29685
9761
14417
11090
10894
25936
2077
28973
8583
28169
20289
30993
28196
26261
10419
2226
15259
6240
5894
15333
3006
15877
27185
25430
27353
30635
12946
15225
6878
22932
25907
4035
31167
18675
5451
7705
10012
6910
26376
20105
11550
10821
8075
4920
12451
22082
30261
1179
27803
8497
2849
3562
31921
24610
9969
15826
15151
12620
10190
3947
13851
11428
16298
16233
32678
686
26568
406
24008
32147
11647
10880
7460
6261
15419
8558
2865
8447
18628
11929
23451
5952
16835
31129
31975
16313
27010
19486
8279
7092
15603
27872
30989
15320
19444
9945
30322
8443
26321
20657
32217
7991
17674
26746
26464
30528
2391
6045
16919
6644
18154
13076
9061
18996
27636
3034
1447
4339
13674
9120
31257
14220
4105
6594
12794
15449
2712
25721
8939
30081
15725
10834
19097
22033
19250
20447
21915
2383
24297
3500
11678
22603
19246
8820
12991
3510
11964
30101
9272
19447
16947
15810
31807
2428
13081
32760
17195
10062
12318
31411
7641
21993
2724
20833
6990
15434
4478
3095
1437
5449
2296
16259
14859
14121
25624
28962
19570
14702
8996
2994
31203
11502
31588
30699
11919
6699
11305
11626
8936
14816
9487
20462
21507
7130
24958
11462
23361
12297
7543
11402
26926
26071
18317
3338
26537
21944
21553
30596
1862
10499
22067
18202
15344
13312
134
4994
27859
30274
30020
21504
23417
30007
1521
11921
1586
9469
18692
18281
2490
21367
10403
9376
17942
18849
20143
31273
19135
5920
4608
29187
19970
15390
18674
17587
13223
9556
9504
13809
26321
11880
31855
18850
2853
7802
9039
17670
18734
21242
15421
20531
14848
3260
8332
19394
13852
4942
18022
11976
2964
8841
18446
264
24432
22118
28775
17766
15951
2323
28858
26783
8274
22342
9140
2104
25653
16082
430
9652
1471
2936
10802
6666
4957
1535
9914
23894
9994
6534
19130
30415
26225
25370
21729
10489
20054
24452
13724
11804
19762
11108
7901
6388
28957
2436
16666
11690
11505
9062
22936
18179
30893
14367
30185
7128
20759
11624
4276
30918
23206
14067
27572
16934
11166
2043
19203
21055
381
17183
30105
1979
26006
7280
7951
6232
1276
25033
7849
31712
16289
23903
6036
859
12991
18072
30316
28803
17015
13601
26626
8568
26297
19003
11611
9397
16227
1109
28924
18755
13229
28896
356
32556
8388
12383
5339
7219
23477
189
31338
22722
2701
16868
23595
6436
6334
10379
30403
22260
19141
4943
27180
16086
13578
13830
1976
22117
6664
3920
16722
15980
29613
23662
7687
25944
11268
32600
22470
15853
18705
2825
1636
20025
4093
27166
31715
10950
25459
21407
13812
12820
24905
541
2234
7238
867
24829
26321
13084
18388
9235
27279
17953
9287
32115
1162
12070
18590
25987
29530
31470
29912
10581
26784
2603
26168
13108
32583
16041
8099
16765
26377
2250
4427
32689
26933
26930
25482
13767
10928
15043
26896
455
20282
22732
31809
20372
25075
30077
19417
777
10014
13471
23250
2120
15140
24194
14215
15951
8924
16182
11801
28621
12553
1533
31250
20019
25893
14593
15176
8973
10077
4419
12805
11155
1500
21204
1636
21115
22348
30023
7934
15378
26266
12390
19142
22667
3066
16676
16946
28823
22316
31443
17308
24630
12029
30871
20199
29644
2576
795
17509
7031
9438
32386
27384
26784
22780
29857
8568
2512
31133
3947
16213
14533
22871
6060
26750
20166
23850
19451
22657
29491
16574
9193
26867
6240
28652
21375
22290
15011
6528
8936
3241
5548
24381
28266
28724
17429
18210
25243
69
32058
20972
18641
15910
25931
23260
30682
11200
9120
9402
15597
24763
13132
14362
20705
31463
8692
30430
11677
28123
12514
2300
22480
30172
3157
1666
28898
12800
3355
727
9514
10642
14434
23875
19041
16569
29132
31409
16982
24661
5057
19636
30180
21802
25097
18889
31777
10816
2714
15068
16857
649
10414
525
17723
13765
32281
16051
14801
13475
22234
29345
10422
30761
19184
3241
24835
85
21103
31839
19594
9733
24530
13087
31943
17428
29843
13906
1043
31686
25593
9964
28443
6246
14386
25145
29329
22061
28065
8154
8481
4198
30841
12555
15783
6864
18571
17703
32159
19012
16220
22381
20444
28823
19579
10756
31614
20418
9233
29245
11038
18496
17338
6681
14411
18104
14739
15115
19258
13532
24981
13822
8889
29073
3361
3226
6245
5200
18651
24515
13597
32716
13500
14179
27062
2005
8803
30570
16368
11900
28076
9747
6057
15480
17284
26472
17489
14536
19196
21000
7838
922
25756
296
24193
6252
29689
2008
20824
15217
26505
10631
16485
5686
29367
31690
7039
1925
11827
21849
15367
10890
4748
11866
21534
22836
256
21987
24085
11742
20115
8378
8229
18479
1374
30047
6241
22846
20522
22860
25832
15098
17469
25467
31839
5834
32116
14377
19103
24432
16530
29146
1450
8755
6104
7069
20196
29501
7638
8337
29824
31042
27264
21672
26424
23650
22148
31403
14401
7249
2267
27518
13182
4533
670
17062
27124
7887
7452
13320
16510
21342
11817
28403
22209
1984
18105
12897
23139
13147
16301
30330
6776
571
2284
20314
28477
28156
28342
27924
18953
24043
18741
23799
384
4712
19029
28688
11786
24463
24022
27375
10884
31511
20384
25262
3381
24953
11350
27440
11523
5717
4141
31399
1766
17426
22527
9817
6046
32454
26779
7331
32161
11861
96
62
30552
25564
18186
2241
4490
7760
4043
3175
6681
16994
414
22291
10988
18854
6616
29329
24876
27893
15615
17439
5299
19984
18912
9004
9153
25733
25308
19807
9969
12759
24963
23515
8556
217
10340
7618
349
13403
18210
31735
1189
26888
9419
18985
21967
28303
9318
10509
30022
23553
30667
24042
17093
17274
5304
17243
15120
18692
32
14161
15842
8376
25542
10839
28710
14375
8715
13338
3689
3832
23556
20776
17296
722
7632
11768
22470
4732
9513
9003
19385
23618
30264
18193
13318
23451
12974
14447
26865
10762
26384
1663
24154
18242
16978
23097
14317
11405
27560
17617
28056
12142
27289
22401
5186
30597
21845
26760
7866
2996
14664
10611
10989
14976
29167
29339
12125
25018
25067
26607
7374
22878
16980
23283
18498
1467
31823
3593
12584
21716
16611
15600
30673
11015
21256
3722
6179
748
14337
21474
15505
17536
16876
14445
15691
6019
10392
18320
8113
13598
9366
27491
10766
31945
16531
18613
24451
20588
21733
7248
30785
31684
24931
32125
10747
11017
14714
10699
21660
13518
13949
15885
26421
15144
25661
162
4409
26642
23514
8441
5100
18704
16600
4179
18457
3603
5237
22475
11267
12189
21306
3988
3487
16421
4305
23427
9472
27837
1558
4301
13075
28914
17776
26897
30860
500
2402
26265
6432
29943
20829
19933
16117
9432
16601
22600
4695
23300
29860
1087
22956
16278
17017
9824
21930
5311
5844
8199
11719
16747
25861
24343
241
28449
23939
2807
28288
16171
24196
730
11113
23288
21194
4420
30644
25534
29376
30922
2096
1379
7109
15897
14437
12446
12744
21305
6346
16474
16149
2067
11576
3675
18030
25649
28575
15139
31582
19910
27384
11543
21706
8686
634
2782
11721
8758
14609
13578
26806
23391
3340
762
18563
26975
15381
18174
29775
15529
871
23997
22843
17582
12347
19668
24186
9124
5251
13504
8104
20358
13275
6654
8541
17500
15549
18800
13313
11196
8692
23555
30946
7569
26707
7567
15747
24091
31910
23295
8504
15671
9705
23473
14575
31457
26552
2592
9553
21751
26887
4032
20234
8767
13075
26665
15716
7852
23704
12152
15131
19677
30021
12274
15725
4327
17773
29419
16752
26708
13823
22759
5032
25452
29880
31998
13785
17331
10391
26501
22298
25522
19090
21482
4651
19450
30343
3552
26120
6503
18549
10684
7358
6306
6636
7199
5246
15081
13250
29910
7920
18451
18440
16638
27337
29134
18492
22636
11168
11308
27584
6732
29694
28510
31371
23815
30132
18111
12319
5483
7281
20756
19131
30982
13971
5649
6865
8146
8254
21792
9914
26904
9387
12639
13993
10126
2499
24295
23774
22722
31213
13652
19996
27580
16420
19330
7772
23263
2636
148
13763
7441
9670
5691
4562
12828
27202
16437
9949
20051
18132
19731
30142
27000
9547
19520
10698
13533
6078
21823
21252
15562
1127
21556
4241
14623
17332
32678
16236
20794
25756
23427
347
22299
2864
28004
12322
15814
7538
1555
4342
20201
12905
17483
23604
25535
30581
13502
27987
9524
32737
13148
12056
5962
12983
29139
6152
29627
19160
18258
19235
6112
7499
11667
12495
2513
6614
3864
7187
22734
14795
19125
20485
23774
20773
4174
31110
6581
30163
31458
28972
18651
29012
3016
22912
20235
28804
27449
28010
8410
26038
4623
4841
23193
20738
16588
1543
3963
25313
26590
12301
5115
11511
25890
32499
18296
21807
15014
20762
8482
32525
8883
18750
1050
24384
9483
7846
7893
11639
4463
15773
22978
26742
868
19494
6444
8297
21303
26348
22113
15224
6207
10872
21524
26779
8290
23718
29184
13488
218
19034
25550
30155
9273
11631
20281
205
31147
12016
5488
23864
10620
22923
19387
27457
29402
4162
10082
12327
5851
23908
24779
15556
29890
11708
20962
25186
15230
19464
21437
10703
21619
12461
8065
16564
27517
31144
13951
20770
14386
7880
5539
30574
27752
13850
14351
19007
27640
23717
11523
10469
12737
5976
17664
17388
1519
16449
6701
5105
27005
21504
30713
12981
23288
13178
26114
19056
22662
11730
23094
3944
17192
26261
22071
30657
1852
27700
29700
9623
11846
4792
9687
14154
15855
26289
11593
29209
2126
19567
3516
31475
20839
8053
32250
4489
28145
26155
7450
424
16221
28115
28324
16070
12563
25278
25077
24027
6911
14528
26852
24946
11596
30689
24997
3071
18799
16725
22510
11379
27752
8367
24921
6414
3652
32081
6410
19572
6887
16423
32401
22788
26632
405
15377
9829
19581
21421
6050
11617
15545
31910
5109
9719
4243
13705
1079
23467
22089
16686
5943
7201
22212
28519
7626
29674
12061
24699
4207
11678
9057
7382
6191
18219
3729
21758
7879
20844
5101
24009
10761
28158
30066
15566
1664
24399
13218
22809
1363
24311
23171
9251
20843
11852
8170
20225
8152
5424
14073
24539
16241
17198
31975
15264
19387
18118
25343
30712
1805
3844
14828
2426
8177
11096
16947
8736
26060
15777
9729
21495
12482
21131
16423
19483
212
5147
21603
14819
6219
2696
7393
13913
5466
24397
20737
16365
20223
22140
2395
7786
31018
29269
9473
17192
21537
29975
5123
31108
27427
13590
11065
31629
9803
30478
25916
16128
13240
17079
13494
3703
3051
26009
19420
17117
5488
6178
32056
12581
11201
30966
6572
8251
3431
21126
28596
23355
30050
24292
20459
13282
25547
32214
15057
2370
22968
4393
7115
9913
3168
29511
13675
3875
21376
15372
8946
2127
22269
18390
4883
31408
16330
13531
8186
31061
28684
19136
26765
1563
1660
103
20210
26146
12557
5128
81
6781
4816
27011
10715
20782
16660
8948
32523
25169
7121
10120
29995
11671
1351
3216
22555
27638
15586
5332
7246
18847
24929
14890
4629
23601
24119
30023
24096
18732
18481
14292
23361
12456
27994
19653
18804
12359
7196
4838
28189
4712
26023
17846
2448
32157
24471
18553
17878
14432
10448
10121
687
21761
13741
17389
8915
23011
10075
23852
15997
14824
12927
28003
24362
12586
22815
2966
10398
23020
31679
18500
4905
3536
1482
14398
6952
26442
14644
8633
2510
30548
23902
32673
15141
867
21818
20272
1359
24474
24751
23488
9490
14654
3391
31965
21396
25963
6631
31391
26978
2053
21062
3126
12983
9968
9474
9415
22780
32132
31080
631
1419
9275
2130
13253
8632
24749
15438
1820
22546
12735
23804
6312
15078
27671
2488
29290
13317
31443
18297
29319
8647
6266
9721
27622
17744
5170
16407
13561
26130
30516
7033
6363
20115
7806
11125
24220
1649
7367
31538
23257
28067
30904
17162
16271
7425
7001
27955
7728
12295
714
19871
20471
23510
3379
4384
14457
30587
28669
10192
5758
22900
12099
11952
22286
11888
10627
7311
7887
11607
2970
13870
32142
19594
16623
3489
27
23660
13294
4344
5210
11041
29368
27679
29591
5526
3096
16899
1818
10689
14522
246
31483
15914
9367
22101
29496
8874
27828
1384
5893
20082
9484
9609
26211
12112
31434
2953
3572
32302
18108
25167
11534
15580
9221
14018
16910
16655
24338
31466
12527
28841
20687
17489
6171
4922
31258
18864
26496
23751
29560
25543
28135
5579
1286
5517
20609
1148
31411
24457
8387
31567
2221
25216
1140
12478
21529
5456
9221
17481
29703
4636
21280
5307
32421
16041
10115
19374
30386
21512
29199
16977
11574
2422
19996
9065
27505
26240
15120
28310
30993
107
29744
16600
21160
9938
31414
1617
9308
17297
1571
31053
23777
29154
20182
4735
27812
4294
26334
20109
1353
21671
5389
27856
27992
7227
26189
2901
15411
3243
26935
17447
4684
14581
18402
12240
8596
22671
13305
28957
6711
20813
22801
11810
20358
6276
18745
6782
10548
12144
6098
30432
13510
16083
5793
10698
27461
5599
26914
21909
32566
4182
25119
4022
18124
10224
24450
7487
5723
13565
6248
22697
7952
8779
4470
9424
9696
6218
11120
4415
9918
25454
7
5038
14353
6613
243
31433
16997
17450
3394
32307
24672
3529
28912
4043
31480
16419
695
21038
30180
3428
21544
22653
80
28244
10235
4960
24021
6011
8868
3914
15272
18825
26919
26623
26130
245
8748
5460
29216
18659
3414
30006
12187
13643
9425
14062
30522
18520
32042
2979
10519
18190
22372
16417
28512
16688
6472
9177
6479
20577
8188
24872
8796
21129
8407
10972
14769
9082
3188
25332
24030
6612
10245
7847
24782
19237
20714
11176
26617
23381
7811
31401
15580
23362
22082
4894
422
31399
26116
29763
7733
4418
22689
1888
31040
17206
30913
1867
20950
17582
5618
303
19719
195
8184
21133
3041
10144
3172
18560
23966
26595
14953
17477
25115
22343
18666
2298
12428
20096
4823
5798
22127
15463
17850
13946
17086
13399
18061
7255
29033
15319
22735
16784
27395
7033
15319
23792
27835
14082
12903
7167
19599
12490
10372
385
28092
23654
27525
3392
22905
17541
10347
4363
20452
18456
9328
22271
25917
4790
25571
32005
32594
29758
13106
10652
18234
23486
17993
32217
25414
31123
25114
26795
3381
19666
17533
16228
22695
8167
15931
16245
15829
14460
13157
23929
15486
16029
30187
1398
11045
7961
11881
12383
1657
27947
18244
29405
21781
1881
3574
26958
29545
925
32422
9487
23544
9923
28156
32502
16325
27410
1331
29475
775
23086
17520
27129
29220
15933
32594
4711
17117
28233
1994
12652
13766
14821
31533
2778
27642
14356
25991
18266
17676
32102
12083
31664
22849
32100
2216
13632
25596
6958
18582
12241
12921
11619
28722
6290
27326
31041
18893
602
16079
26894
21932
28468
24610
438
30996
4891
18258
23477
9124
13314
9239
9015
24296
19224
2422
25470
31786
19273
10805
8581
21643
12552
14738
2531
20307
16204
17461
13809
8838
3544
5474
19503
440
19648
31859
32740
12065
24873
1670
13317
8948
16208
115
17752
15597
9678
21761
16345
13353
7706
7001
861
14651
26191
27066
7029
32380
10287
16495
20117
6818
8552
8446
10358
31125
8471
9635
952
20350
32395
11516
22220
16928
27979
28166
18449
15467
21082
2120
19773
8270
32441
25678
23039
19150
29486
30809
25059
7765
4420
17749
12661
1868
23955
8203
25257
12011
14145
6808
28794
20560
10441
8734
11730
25551
13819
9401
9130
5258
19269
21429
6770
13377
12848
22014
21171
8555
12077
32471
12531
21381
11410
23759
24793
426
5856
13553
13201
5988
20039
15932
15730
27586
20844
12627
30430
28330
1385
117
25706
16497
16149
19374
2623
26537
29063
25935
11969
6458
9685
31389
12398
18101
8225
13510
29448
26340
21975
26137
10230
11430
6448
6005
30184
8185
7675
2562
17338
19801
15260
288
10907
32585
4181
26781
21358
13871
27076
11051
17264
21092
5805
19729
23579
9356
1530
7968
4683
22563
22272
7657
8352
27737
16132
20781
14627
12064
26622
16277
31276
28291
11420
19107
10883
21561
21898
1769
197
8058
15345
25721
31241
12561
30014
15260
964
7603
27684
4551
31978
14991
2788
10954
21078
22566
23244
14923
14956
8029
15613
18803
21501
17616
8306
9447
11370
1642
22846
26362
28941
10035
32021
29217
20436
23912
26894
28583
19247
26321
21671
9889
1325
14159
5642
16165
17890
30133
31631
17847
16651
15064
24193
772
24309
18154
21285
31699
3226
8451
6648
11576
22285
21761
13881
22794
22041
17298
19879
30360
10789
14479
13708
7064
4443
15244
20730
29024
22538
20141
9301
2649
10312
4027
16913
11184
31963
28534
29885
24398
15194
29485
19009
25099
14735
13453
25700
16926
12832
5047
12945
16856
27758
20373
30938
21139
7102
30829
18493
15333
14743
28854
19494
17177
24426
28715
4406
26335
25465
15647
10563
834
15601
4112
20640
29147
29529
21886
30878
31300
7472
16893
23378
9936
12754
27786
31897
20857
12956
25371
15450
32026
28496
28026
24075
20191
27067
29266
10615
15353
7317
12938
2238
16278
10664
20179
18333
11536
13109
19325
22511
29284
25747
1679
16244
24295
28185
21526
4818
16948
30782
13501
8665
30569
20991
23198
14603
12435
24193
28760
7260
5734
1528
22114
7990
4146
11719
19103
32192
18450
31721
11826
23392
16231
27023
23955
2687
1924
26890
20194
396
29355
8940
27260
8515
20793
3690
20941
12335
3869
26885
2149
12141
17806
20842
13133
27828
5374
2454
25243
30098
23369
9277
6468
20472
6707
8557
1842
7161
8721
15983
10646
719
21702
31982
17792
5919
5361
9562
28845
2686
13669
18575
7327
23603
31962
1202
22515
25918
4578
4444
14832
26010
25374
22267
11356
30400
24497
5493
1939
1900
5109
24078
13530
17571
32365
25739
19184
5109
12539
27543
22758
768
4691
20583
21297
20533
21424
31130
22270
28895
28358
11619
14277
14432
16375
4841
2849
1214
4297
25326
9951
5215
9880
2991
17748
26897
10632
19468
17396
23630
30654
2537
12321
18621
14544
26580
5697
27899
17785
24040
18195
27548
14226
23025
1859
3181
13885
10961
23868
8956
21092
15138
28989
15963
1890
24348
13231
1568
13311
14777
15798
26800
8098
32024
8198
32446
24514
2591
5112
18446
12702
13157
17116
9599
7214
10063
6033
13384
28249
17785
20052
28290
28008
25431
14038
13543
18363
17436
23697
9689
8122
18394
2395
26022
17167
5611
22076
15370
25107
18065
15997
10997
23429
20441
26881
25231
28802
14789
7129
13945
29873
23977
3602
30806
20159
13526
3025
23435
23819
31350
8355
17986
4770
9399
15374
13237
24685
31020
1132
2985
16041
16496
19449
4920
27288
23820
23594
23252
11382
18842
2880
19849
14767
16939
20510
17794
1871
7399
18519
18895
8378
5619
25740
22886
22173
4760
12021
26471
23076
8097
24637
27812
6254
12036
13971
12896
27198
22725
17150
14935
27635
8984
8432
26623
4538
5574
19487
20238
19458
7377
2192
19260
20528
32347
4340
17738
22932
26564
32568
18755
30364
22035
9048
20994
13896
23959
15476
28148
18910
5326
18469
8479
28383
9861
23569
10339
13625
20289
15805
512
30142
18910
11427
24409
3285
28534
4741
25592
11632
3716
3584
21969
24638
15689
2916
8907
801
11119
24515
24444
23778
14061
6728
9012
6436
18474
32714
25918
16534
14693
25761
16226
365
19796
22713
14766
23570
30987
23013
887
2071
1312
117
15770
9584
18957
23050
14855
3552
3029
26281
21633
23217
14571
27663
18591
29352
4175
4932
10519
13368
29434
1139
23611
4086
25724
29945
16836
10061
32484
23484
26063
17267
24032
16318
25893
14491
17701
21746
26303
2413
1553
23374
20106
24243
26767
29729
3431
10069
6972
24999
12918
29831
28360
25818
8596
26177
24734
11660
4898
15343
14535
4275
16649
23915
16139
30980
25850
28712
19290
17859
27643
19632
13675
3033
799
26704
26531
27943
24980
1809
6456
31258
29667
18923
29590
20863
19572
27958
9986
29337
32081
19297
12925
30065
16171
30694
25323
7534
2466
1661
19828
31269
193
21137
18731
2674
23496
23280
11245
5576
10543
1478
20108
12229
5095
24780
7213
6666
3555
12733
12527
30793
983
27402
19406
2719
32320
22734
6086
25125
21412
6660
4155
17346
20507
14840
1176
11587
30222
32251
32567
12461
15423
15195
4993
6609
27913
18834
22358
4642
2794
25790
2991
14020
24126
5201
14465
21733
4173
27146
16357
16464
30600
11556
11383
30783
30992
17869
16123
3697
9080
31961
32583
1149
26316
25528
21597
4966
3538
30885
26583
4463
23695
23329
22664
27185
30733
9376
96
23786
31580
14722
20880
29976
24023
9796
3823
28999
3752
23800
25500
3111
27023
26354
7653
23521
26847
24261
4456
15275
14537
18030
25720
29595
4060
3534
19651
4792
28877
23902
32561
12119
14708
31006
22287
421
8984
20430
30828
3200
6124
2657
29123
18571
473
12207
8411
1409
30334
12394
24300
30153
25718
28499
14339
6219
9689
6573
12711
29827
7173
25586
25789
23763
14494
32454
28329
11038
6099
22569
32182
11154
4067
31984
31928
10693
23008
11894
8688
21508
14260
143
25903
26856
15201
5053
8510
25385
5005
16295
25726
6071
317
16838
13516
31239
23265
17506
19111
31403
16529
20925
1941
13350
26006
1934
11202
23038
4908
7856
3819
7699
18566
6940
24698
46
7187
14357
13043
15325
16896
25762
22158
18559
23550
25665
18214
8091
30277
26586
12625
15734
21976
13042
21201
4068
31755
8481
14891
18270
835
8134
10645
15957
14590
28665
8469
27334
6419
17601
21480
3599
3642
4487
3361
5889
7118
7371
18322
27190
21714
11030
31983
1188
17459
22064
28721
11379
10828
25746
30521
9228
13231
13598
1974
4979
3363
4878
2888
7126
30953
1579
16102
18790
18756
29503
8573
22373
25656
8396
13785
31360
13457
29694
7113
9568
11303
31199
17534
31612
15201
4298
17973
26161
25080
17954
4886
20
15613
15427
5979
19079
13854
11449
692
24970
14373
23217
16618
8660
3265
2476
26051
29987
18313
19579
4135
14544
25150
16487
2176
29350
28240
2224
7783
18420
32676
7737
2428
27361
13461
18305
20885
29184
32569
19669
540
20004
5093
15556
11442
21110
8435
21716
32536
708
13250
25203
28752
7196
28415
12336
18687
2970
30243
21291
2838
18302
12861
27850
31921
16001
21490
13486
23104
20842
14018
24294
29668
2780
2445
12898
14876
2418
24661
25514
32160
20494
4933
2000
26253
28781
3826
13218
26307
17407
31202
6949
11147
9974
21323
17727
21118
27037
28444
10164
26018
27628
29505
16212
25301
5977
14883
30834
21103
10992
15983
31639
12579
3494
29721
12920
12582
6891
12960
6438
5779
7550
5267
12165
13071
27781
28756
7935
17577
24285
19996
26745
15363
2223
32575
11910
11703
30532
15026
28635
29428
24346
25290
17924
15720
28727
22598
31829
8803
17597
32400
4898
24889
7615
21824
819
26856
25171
19170
21874
24826
5352
11513
25319
14765
13018
22852
20710
1874
12868
5183
7559
11507
4630
10477
20567
6712
12391
13781
9037
8331
23308
19274
14336
9083
20073
16112
11542
10334
5767
22652
10240
2363
1639
15291
9957
20199
14742
13270
11995
30317
21506
17364
10845
9651
29708
8288
3066
4955
2782
30413
2378
9704
3839
9559
550
3618
15652
18604
26648
24763
23370
17067
14865
29490
12801
7787
26714
32760
12299
30079
13517
21970
27685
14968
25413
5758
31013
3244
20051
18585
16453
31030
13363
16576
21951
19774
20478
9718
31642
23931
4896
5445
18115
26357
4877
10408
6751
27920
32560
25897
28000
14534
13092
21575
3670
23860
14631
19610
22920
25944
20684
11706
5444
3865
19952
4956
26739
14215
25582
17342
8048
23653
12567
23878
13083
22245
7772
1894
17961
13234
26446
10946
3262
19507
24137
29845
21053
1295
16619
10576
4447
21996
12491
2693
21122
32381
9320
21508
17476
3259
25696
5188
16977
6258
26851
25604
15993
22528
11110
16689
16390
29273
16540
4363
27980
12879
20130
3460
21377
32529
13178
8680
24783
15857
28602
31427
17576
362
10629
19712
10842
10593
23483
6222
483
22699
1389
26824
19206
25552
28052
23508
5790
7438
20226
27723
12851
8609
152
18907
12747
3138
28090
16298
19458
12526
29440
28220
15453
17896
29486
23703
8156
7681
14439
9381
32718
22551
30109
16089
32489
10204
31820
12565
23706
7128
31336
9420
17050
1202
21652
10340
4290
25003
28820
8158
6944
30315
1029
10424
3658
28160
15179
29970
28146
12068
19660
25105
25019
17854
19548
19841
17483
1452
21239
28350
10402
19136
20150
14036
18858
31240
3836
31717
6159
10323
24816
29643
23120
2544
20529
16895
4887
4025
24517
7353
8646
21841
20306
19801
20818
17577
16528
4102
18772
4809
20734
5781
5469
31181
31700
12972
13962
21549
22585
27431
29529
32066
1975
186
22971
6918
26860
9688
10091
13596
25218
28116
3197
15632
23137
14151
31802
27615
11554
5553
43
6330
14791
32355
16756
27911
21930
15516
15460
6569
15540
28914
21065
29057
20943
8179
11657
3380
17310
5133
11246
23599
26987
5803
17218
18153
27745
17569
5148
18024
4347
458
7929
5383
13500
20463
20366
23670
21537
3307
21085
1282
11476
23565
26759
2583
20514
16062
11745
30723
14767
8292
1353
30460
15976
22918
7995
1893
26554
28208
20127
21325
3841
2969
8165
14649
19780
2307
26196
29731
4895
28643
13215
1218
32000
20290
28090
16396
14231
24163
30443
9978
2183
12966
7204
27531
20322
3244
15760
18187
4820
188
25964
1429
28190
32357
